51, 60, 0
51, 60, 0
52, 60, 0
56, 60, 0
51, 60, 0
51, 60, 0
57, 60, 0
60, 60, 0
60, 60, 0
60, 60, 0
69, 60, 0
92, 60, 0
85, 60, 0
91, 60, 0
125, 60, 0
125, 60, 0
144, 60, 0
256, 60, 0
256, 60, 0
398, 60, 0
256, 60, 0
295, 60, 0
295, 60, 0
296, 60, 0
361, 60, 0
345, 60, 0
344, 60, 0
338, 60, 0
359, 60, 0
337, 60, 0
323, 60, 0
323, 60, 0
339, 60, 0
327, 60, 0
326, 60, 0
328, 60, 0
323, 60, 0
322, 60, 0
322, 60, 0
326, 60, 0
322, 60, 0
326, 60, 0
326, 60, 0
328, 60, 0
320, 60, 0
322, 60, 0
326, 60, 0
335, 60, 0
326, 60, 0
323, 60, 0
323, 60, 0
333, 60, 0
326, 60, 0
326, 60, 0
327, 60, 0
323, 60, 0
322, 60, 0
322, 60, 0
327, 60, 0
340, 60, 0
326, 60, 0
326, 60, 0
328, 60, 0
334, 60, 0
326, 60, 0
323, 60, 0
325, 60, 0
327, 60, 0
322, 60, 0
322, 60, 0
326, 60, 0
322, 60, 0
322, 60, 0
322, 60, 0
333, 60, 0
323, 60, 0
322, 60, 0
327, 60, 0
350, 60, 0
326, 60, 0
323, 60, 0
323, 60, 0
345, 60, 0
327, 60, 0
326, 60, 0
327, 60, 0
326, 60, 0
326, 60, 1
389, 60, 1
327, 60, 1
317, 60, 1
322, 60, 1
322, 60, 1
329, 60, 1
322, 60, 1
326, 60, 1
421, 60, 1
331, 60, 1
322, 60, 1
327, 60, 1
327, 60, 1
333, 60, 1
349, 60, 1
348, 60, 1
349, 60, 1
360, 60, 1
359, 60, 1
359, 60, 1
360, 60, 1
375, 60, 1
355, 60, 1
356, 60, 1
387, 60, 1
390, 60, 1
374, 60, 1
375, 60, 1
377, 60, 1
386, 60, 1
391, 60, 1
390, 60, 1
393, 60, 1
391, 60, 1
390, 60, 1
391, 60, 1
387, 60, 1
386, 60, 1
386, 60, 1
391, 60, 1
401, 60, 1
390, 60, 1
391, 60, 1
391, 60, 1
416, 60, 1
390, 60, 1
390, 60, 1
391, 60, 1
415, 60, 1
390, 60, 1
390, 60, 1
391, 60, 1
403, 60, 1
386, 60, 1
387, 60, 1
391, 60, 1
400, 60, 1
390, 60, 1
402, 60, 1
404, 60, 1
398, 60, 1
398, 60, 1
398, 60, 1
402, 60, 1
398, 60, 1
398, 60, 1
398, 60, 1
398, 60, 1
398, 60, 1
397, 60, 1
398, 60, 1
414, 60, 1
397, 60, 1
398, 60, 1
399, 60, 1
423, 60, 1
398, 60, 1
398, 60, 1
398, 60, 1
420, 60, 1
398, 60, 2
398, 60, 2
399, 60, 2
398, 60, 2
398, 60, 2
398, 60, 2
398, 60, 2
395, 60, 2
454, 60, 2
398, 60, 2
410, 60, 2
403, 60, 2
405, 60, 2
395, 60, 2
399, 60, 2
392, 60, 2
387, 60, 2
387, 60, 2
394, 60, 2
379, 60, 2
378, 60, 2
379, 60, 2
379, 60, 2
378, 60, 2
378, 60, 2
379, 60, 2
401, 60, 2
378, 60, 2
379, 60, 2
380, 60, 2
399, 60, 2
378, 60, 2
378, 60, 2
379, 60, 2
397, 60, 2
378, 60, 2
378, 60, 2
380, 60, 2
374, 60, 2
378, 60, 2
378, 60, 2
382, 60, 2
376, 60, 2
378, 60, 2
379, 60, 2
383, 60, 2
376, 60, 2
379, 60, 2
378, 60, 2
384, 60, 2
379, 60, 2
378, 60, 2
378, 60, 2
379, 60, 2
378, 60, 2
378, 60, 2
379, 60, 2
403, 60, 2
378, 60, 2
378, 60, 2
379, 60, 2
401, 60, 2
378, 60, 2
379, 60, 2
380, 60, 2
399, 60, 2
379, 60, 2
378, 60, 2
380, 60, 2
379, 60, 2
378, 60, 2
378, 60, 2
379, 60, 2
374, 60, 2
378, 60, 2
379, 60, 2
382, 60, 2
375, 60, 2
378, 60, 2
378, 60, 2
383, 60, 2
376, 60, 3
379, 60, 3
378, 60, 3
383, 60, 3
471, 60, 3
370, 60, 3
371, 60, 3
371, 60, 3
370, 60, 3
370, 60, 3
364, 60, 3
387, 60, 3
363, 60, 3
360, 60, 3
361, 60, 3
383, 60, 3
360, 60, 3
359, 60, 3
361, 60, 3
359, 60, 3
360, 60, 3
359, 60, 3
360, 60, 3
370, 60, 3
359, 60, 3
359, 60, 3
362, 60, 3
355, 60, 3
359, 60, 3
360, 60, 3
362, 60, 3
356, 60, 3
360, 60, 3
360, 60, 3
363, 60, 3
360, 60, 3
359, 60, 3
360, 60, 3
360, 60, 3
359, 60, 3
359, 60, 3
360, 60, 3
370, 60, 3
359, 60, 3
359, 60, 3
360, 60, 3
375, 60, 3
359, 60, 3
360, 60, 3
360, 60, 3
385, 60, 3
360, 60, 3
359, 60, 3
360, 60, 3
360, 60, 3
359, 60, 3
359, 60, 3
360, 60, 3
376, 60, 3
359, 60, 3
360, 60, 3
361, 60, 3
373, 60, 3
360, 60, 3
363, 60, 3
365, 60, 3
374, 60, 3
374, 60, 3
375, 60, 3
377, 60, 3
372, 60, 3
374, 60, 3
374, 60, 3
380, 60, 3
372, 60, 3
374, 60, 3
375, 60, 3
381, 60, 3
372, 60, 3
375, 60, 3
375, 60, 3
382, 60, 4
375, 60, 4
374, 60, 4
375, 60, 4
375, 60, 4
371, 60, 4
371, 60, 4
371, 60, 4
393, 60, 4
370, 60, 4
371, 60, 4
369, 60, 4
387, 60, 4
367, 60, 4
360, 60, 4
361, 60, 4
379, 60, 4
364, 60, 4
363, 60, 4
365, 60, 4
364, 60, 4
363, 60, 4
363, 60, 4
360, 60, 4
355, 60, 4
359, 60, 4
360, 60, 4
367, 60, 4
360, 60, 4
363, 60, 4
364, 60, 4
367, 60, 4
360, 60, 4
363, 60, 4
363, 60, 4
368, 60, 4
360, 60, 4
359, 60, 4
359, 60, 4
364, 60, 4
363, 60, 4
363, 60, 4
360, 60, 4
369, 60, 4
359, 60, 4
364, 60, 4
364, 60, 4
377, 60, 4
363, 60, 4
363, 60, 4
364, 60, 4
363, 60, 4
363, 60, 4
363, 60, 4
364, 60, 4
383, 60, 4
363, 60, 4
363, 60, 4
365, 60, 4
383, 60, 4
363, 60, 4
364, 60, 4
365, 60, 4
381, 60, 4
364, 60, 4
363, 60, 4
365, 60, 4
364, 60, 4
363, 60, 4
363, 60, 4
364, 60, 4
360, 60, 4
363, 60, 4
363, 60, 4
366, 60, 4
360, 60, 4
363, 60, 4
364, 60, 4
367, 60, 4
360, 60, 4
363, 60, 4
363, 60, 5
368, 60, 5
364, 60, 5
363, 60, 5
363, 60, 5
353, 60, 5
352, 60, 5
348, 60, 5
353, 60, 5
377, 60, 5
352, 60, 5
341, 60, 5
341, 60, 5
366, 60, 5
341, 60, 5
337, 60, 5
338, 60, 5
362, 60, 5
337, 60, 5
337, 60, 5
338, 60, 5
347, 60, 5
330, 60, 5
330, 60, 5
339, 60, 5
353, 60, 5
337, 60, 5
334, 60, 5
335, 60, 5
348, 60, 5
337, 60, 5
337, 60, 5
339, 60, 5
334, 60, 5
333, 60, 5
333, 60, 5
334, 60, 5
329, 60, 5
333, 60, 5
333, 60, 5
337, 60, 5
329, 60, 5
334, 60, 5
334, 60, 5
337, 60, 5
329, 60, 5
334, 60, 5
334, 60, 5
337, 60, 5
334, 60, 5
333, 60, 5
334, 60, 5
334, 60, 5
333, 60, 5
333, 60, 5
334, 60, 5
343, 60, 5
333, 60, 5
334, 60, 5
334, 60, 5
344, 60, 5
333, 60, 5
333, 60, 5
334, 60, 5
345, 60, 5
334, 60, 5
333, 60, 5
334, 60, 5
357, 60, 5
334, 60, 5
333, 60, 5
334, 60, 5
355, 60, 5
334, 60, 5
334, 60, 5
335, 60, 5
355, 60, 5
334, 60, 5
333, 60, 5
334, 60, 5
334, 60, 5
334, 60, 6
333, 60, 6
333, 60, 6
438, 60, 6
333, 60, 6
333, 60, 6
324, 60, 6
330, 60, 6
322, 60, 6
319, 60, 6
321, 60, 6
325, 60, 6
315, 60, 6
314, 60, 6
317, 60, 6
315, 60, 6
314, 60, 6
314, 60, 6
319, 60, 6
314, 60, 6
318, 60, 6
315, 60, 6
319, 60, 6
312, 60, 6
315, 60, 6
315, 60, 6
319, 60, 6
354, 60, 6
314, 60, 6
315, 60, 6
319, 60, 6
311, 60, 6
310, 60, 6
311, 60, 6
321, 60, 6
310, 60, 6
310, 60, 6
311, 60, 6
323, 60, 6
310, 60, 6
311, 60, 6
311, 60, 6
324, 60, 6
311, 60, 6
311, 60, 6
311, 60, 6
311, 60, 6
311, 60, 6
310, 60, 6
311, 60, 6
333, 60, 6
311, 60, 6
310, 60, 6
312, 60, 6
331, 60, 6
310, 60, 6
311, 60, 6
312, 60, 6
331, 60, 6
311, 60, 6
311, 60, 6
312, 60, 6
311, 60, 6
310, 60, 6
310, 60, 6
311, 60, 6
322, 60, 6
310, 60, 6
311, 60, 6
312, 60, 6
322, 60, 6
310, 60, 6
311, 60, 6
312, 60, 6
321, 60, 6
311, 60, 6
311, 60, 6
312, 60, 6
306, 60, 6
310, 60, 6
310, 60, 6
311, 60, 7
306, 60, 7
310, 60, 7
307, 60, 7
311, 60, 7
304, 60, 7
303, 60, 7
303, 60, 7
307, 60, 7
303, 60, 7
303, 60, 7
303, 60, 7
303, 60, 7
299, 60, 7
299, 60, 7
299, 60, 7
309, 60, 7
299, 60, 7
299, 60, 7
300, 60, 7
310, 60, 7
299, 60, 7
300, 60, 7
300, 60, 7
310, 60, 7
300, 60, 7
299, 60, 7
300, 60, 7
300, 60, 7
299, 60, 7
299, 60, 7
299, 60, 7
319, 60, 7
299, 60, 7
299, 60, 7
300, 60, 7
319, 60, 7
299, 60, 7
299, 60, 7
300, 60, 7
319, 60, 7
299, 60, 7
299, 60, 7
300, 60, 7
317, 60, 7
299, 60, 7
299, 60, 7
300, 60, 7
313, 60, 7
299, 60, 7
299, 60, 7
301, 60, 7
313, 60, 7
299, 60, 7
299, 60, 7
300, 60, 7
299, 60, 7
299, 60, 7
299, 60, 7
300, 60, 7
304, 60, 7
299, 60, 7
299, 60, 7
301, 60, 7
306, 60, 7
299, 60, 7
300, 60, 7
302, 60, 7
305, 60, 7
300, 60, 7
299, 60, 7
302, 60, 7
300, 60, 7
299, 60, 7
299, 60, 7
299, 60, 7
294, 60, 7
299, 60, 7
299, 60, 7
304, 60, 7
296, 60, 7
299, 60, 8
299, 60, 8
303, 60, 8
384, 60, 8
299, 60, 8
299, 60, 8
302, 60, 8
295, 60, 8
295, 60, 8
296, 60, 8
296, 60, 8
295, 60, 8
295, 60, 8
296, 60, 8
301, 60, 8
295, 60, 8
296, 60, 8
296, 60, 8
304, 60, 8
296, 60, 8
295, 60, 8
296, 60, 8
295, 60, 8
295, 60, 8
295, 60, 8
296, 60, 8
319, 60, 8
295, 60, 8
295, 60, 8
296, 60, 8
319, 60, 8
295, 60, 8
296, 60, 8
296, 60, 8
319, 60, 8
296, 60, 8
295, 60, 8
296, 60, 8
296, 60, 8
295, 60, 8
295, 60, 8
296, 60, 8
317, 60, 8
295, 60, 8
295, 60, 8
296, 60, 8
317, 60, 8
295, 60, 8
296, 60, 8
296, 60, 8
317, 60, 8
295, 60, 8
295, 60, 8
296, 60, 8
313, 60, 8
295, 60, 8
295, 60, 8
296, 60, 8
311, 60, 8
295, 60, 8
296, 60, 8
297, 60, 8
315, 60, 8
296, 60, 8
295, 60, 8
297, 60, 8
296, 60, 8
295, 60, 8
295, 60, 8
297, 60, 8
308, 60, 8
295, 60, 8
295, 60, 8
297, 60, 8
305, 60, 8
295, 60, 8
296, 60, 8
297, 60, 8
307, 60, 8
296, 60, 8
295, 60, 8
297, 60, 9
295, 60, 9
354, 60, 9
295, 60, 9
296, 60, 9
290, 60, 9
295, 60, 9
296, 60, 9
299, 60, 9
290, 60, 9
295, 60, 9
296, 60, 9
298, 60, 9
290, 60, 9
295, 60, 9
295, 60, 9
298, 60, 9
292, 60, 9
295, 60, 9
295, 60, 9
296, 60, 9
292, 60, 9
295, 60, 9
296, 60, 9
300, 60, 9
292, 60, 9
296, 60, 9
295, 60, 9
300, 60, 9
296, 60, 9
295, 60, 9
296, 60, 9
295, 60, 9
295, 60, 9
295, 60, 9
295, 60, 9
304, 60, 9
295, 60, 9
295, 60, 9
296, 60, 9
304, 60, 9
294, 60, 9
296, 60, 9
295, 60, 9
303, 60, 9
296, 60, 9
295, 60, 9
296, 60, 9
296, 60, 9
295, 60, 9
295, 60, 9
296, 60, 9
309, 60, 9
296, 60, 9
296, 60, 9
296, 60, 9
307, 60, 9
295, 60, 9
295, 60, 9
296, 60, 9
305, 60, 9
296, 60, 9
295, 60, 9
296, 60, 9
319, 60, 9
295, 60, 9
295, 60, 9
296, 60, 9
319, 60, 9
295, 60, 9
296, 60, 9
296, 60, 9
319, 60, 9
296, 60, 9
295, 60, 9
296, 60, 9
296, 60, 9
291, 60, 9
291, 60, 9
292, 60, 9
313, 60, 9
291, 60, 10
291, 60, 10
295, 60, 10
297, 60, 10
295, 60, 10
291, 60, 10
291, 60, 10
292, 60, 10
293, 60, 10
303, 60, 10
292, 60, 10
291, 60, 10
291, 60, 10
292, 60, 10
297, 60, 10
298, 60, 10
292, 60, 10
291, 60, 10
292, 60, 10
292, 60, 10
307, 60, 10
291, 60, 10
292, 60, 10
291, 60, 10
293, 60, 10
315, 60, 10
290, 60, 10
291, 60, 10
292, 60, 10
292, 60, 10
297, 60, 10
288, 60, 10
291, 60, 10
292, 60, 10
292, 60, 10
294, 60, 10
292, 60, 10
291, 60, 10
291, 60, 10
292, 60, 10
293, 60, 10
315, 60, 10
292, 60, 10
291, 60, 10
291, 60, 10
292, 60, 10
303, 60, 10
288, 60, 10
292, 60, 10
291, 60, 10
291, 60, 10
297, 60, 10
298, 60, 10
292, 60, 10
291, 60, 10
291, 60, 10
293, 60, 10
307, 60, 10
291, 60, 10
291, 60, 10
291, 60, 10
293, 60, 10
292, 60, 10
290, 60, 10
291, 60, 10
292, 60, 10
292, 60, 10
296, 60, 10
292, 60, 10
291, 60, 10
291, 60, 10
292, 60, 10
294, 60, 10
307, 60, 10
292, 60, 11
288, 60, 11
292, 60, 11
294, 60, 11
315, 60, 11
290, 60, 11
292, 60, 11
291, 60, 11
292, 60, 11
302, 60, 11
288, 60, 11
291, 60, 11
292, 60, 11
292, 60, 11
291, 60, 11
298, 60, 11
291, 60, 11
292, 60, 11
292, 60, 11
293, 60, 11
292, 60, 11
291, 60, 11
292, 60, 11
292, 60, 11
293, 60, 11
301, 60, 11
292, 60, 11
291, 60, 11
291, 60, 11
292, 60, 11
297, 60, 11
301, 60, 11
292, 60, 11
291, 60, 11
291, 60, 11
294, 60, 11
311, 60, 11
291, 60, 11
291, 60, 11
291, 60, 11
292, 60, 11
316, 60, 11
288, 60, 11
292, 60, 11
291, 60, 11
292, 60, 11
292, 60, 11
288, 60, 11
291, 60, 11
292, 60, 11
292, 60, 11
294, 60, 11
292, 60, 11
291, 60, 11
291, 60, 11
292, 60, 11
293, 60, 11
317, 60, 11
292, 60, 11
291, 60, 11
291, 60, 11
292, 60, 11
298, 60, 11
296, 60, 11
291, 60, 11
291, 60, 11
292, 60, 11
295, 60, 11
307, 60, 11
291, 60, 11
292, 60, 11
291, 60, 11
292, 60, 11
315, 60, 11
290, 60, 12
353, 60, 12
291, 60, 12
292, 60, 12
380, 60, 12
288, 60, 12
291, 60, 12
292, 60, 12
292, 60, 12
294, 60, 12
292, 60, 12
291, 60, 12
291, 60, 12
292, 60, 12
293, 60, 12
317, 60, 12
292, 60, 12
291, 60, 12
291, 60, 12
292, 60, 12
299, 60, 12
285, 60, 12
291, 60, 12
291, 60, 12
291, 60, 12
295, 60, 12
307, 60, 12
292, 60, 12
291, 60, 12
292, 60, 12
292, 60, 12
314, 60, 12
288, 60, 12
292, 60, 12
291, 60, 12
292, 60, 12
292, 60, 12
288, 60, 12
291, 60, 12
292, 60, 12
292, 60, 12
294, 60, 12
301, 60, 12
291, 60, 12
291, 60, 12
292, 60, 12
293, 60, 12
315, 60, 12
292, 60, 12
291, 60, 12
291, 60, 12
293, 60, 12
301, 60, 12
291, 60, 12
292, 60, 12
291, 60, 12
292, 60, 12
296, 60, 12
302, 60, 12
292, 60, 12
291, 60, 12
291, 60, 12
292, 60, 12
314, 60, 12
291, 60, 12
292, 60, 12
291, 60, 12
292, 60, 12
303, 60, 12
288, 60, 12
291, 60, 12
292, 60, 12
292, 60, 12
295, 60, 12
298, 60, 13
368, 60, 13
291, 60, 13
292, 60, 13
293, 60, 13
291, 60, 13
288, 60, 13
287, 60, 13
288, 60, 13
289, 60, 13
298, 60, 13
288, 60, 13
288, 60, 13
288, 60, 13
288, 60, 13
293, 60, 13
297, 60, 13
288, 60, 13
288, 60, 13
288, 60, 13
288, 60, 13
307, 60, 13
287, 60, 13
288, 60, 13
287, 60, 13
288, 60, 13
313, 60, 13
284, 60, 13
287, 60, 13
288, 60, 13
288, 60, 13
291, 60, 13
281, 60, 13
287, 60, 13
288, 60, 13
288, 60, 13
289, 60, 13
288, 60, 13
288, 60, 13
287, 60, 13
288, 60, 13
289, 60, 13
297, 60, 13
288, 60, 13
287, 60, 13
288, 60, 13
288, 60, 13
292, 60, 13
299, 60, 13
288, 60, 13
288, 60, 13
288, 60, 13
290, 60, 13
309, 60, 13
287, 60, 13
288, 60, 13
288, 60, 13
288, 60, 13
301, 60, 13
288, 60, 13
288, 60, 13
288, 60, 13
288, 60, 13
288, 60, 13
296, 60, 13
287, 60, 13
288, 60, 13
288, 60, 13
289, 60, 13
288, 60, 13
287, 60, 13
287, 60, 13
342, 60, 13
288, 60, 13
295, 60, 14
376, 60, 14
288, 60, 14
287, 60, 14
289, 60, 14
291, 60, 14
301, 60, 14
288, 60, 14
287, 60, 14
288, 60, 14
289, 60, 14
310, 60, 14
288, 60, 14
288, 60, 14
288, 60, 14
288, 60, 14
298, 60, 14
282, 60, 14
288, 60, 14
288, 60, 14
288, 60, 14
288, 60, 14
298, 60, 14
288, 60, 14
288, 60, 14
288, 60, 14
289, 60, 14
288, 60, 14
288, 60, 14
288, 60, 14
288, 60, 14
288, 60, 14
294, 60, 14
284, 60, 14
287, 60, 14
288, 60, 14
288, 60, 14
291, 60, 14
305, 60, 14
288, 60, 14
287, 60, 14
288, 60, 14
290, 60, 14
312, 60, 14
288, 60, 14
288, 60, 14
288, 60, 14
288, 60, 14
295, 60, 14
281, 60, 14
288, 60, 14
288, 60, 14
288, 60, 14
288, 60, 14
303, 60, 14
288, 60, 14
288, 60, 14
288, 60, 14
289, 60, 14
313, 60, 14
288, 60, 14
287, 60, 14
288, 60, 14
288, 60, 14
292, 60, 14
282, 60, 14
288, 60, 14
288, 60, 14
288, 60, 14
289, 60, 14
288, 60, 14
288, 60, 14
287, 60, 14
288, 60, 14
289, 60, 15
403, 60, 15
288, 60, 15
288, 60, 15
377, 60, 15
284, 60, 15
289, 60, 15
300, 60, 15
285, 60, 15
284, 60, 15
284, 60, 15
284, 60, 15
299, 60, 15
284, 60, 15
288, 60, 15
288, 60, 15
288, 60, 15
309, 60, 15
280, 60, 15
284, 60, 15
284, 60, 15
284, 60, 15
287, 60, 15
300, 60, 15
287, 60, 15
288, 60, 15
288, 60, 15
289, 60, 15
288, 60, 15
288, 60, 15
287, 60, 15
288, 60, 15
289, 60, 15
297, 60, 15
284, 60, 15
284, 60, 15
284, 60, 15
288, 60, 15
291, 60, 15
302, 60, 15
288, 60, 15
288, 60, 15
288, 60, 15
286, 60, 15
307, 60, 15
282, 60, 15
288, 60, 15
287, 60, 15
288, 60, 15
293, 60, 15
278, 60, 15
284, 60, 15
288, 60, 15
288, 60, 15
288, 60, 15
297, 60, 15
284, 60, 15
284, 60, 15
284, 60, 15
285, 60, 15
284, 60, 15
284, 60, 15
283, 60, 15
288, 60, 15
288, 60, 15
293, 60, 15
284, 60, 15
284, 60, 15
283, 60, 15
288, 60, 15
290, 60, 15
309, 60, 15
284, 60, 15
284, 60, 15
284, 60, 16
379, 60, 16
301, 60, 16
282, 60, 16
284, 60, 16
283, 60, 16
284, 60, 16
288, 60, 16
292, 60, 16
288, 60, 16
288, 60, 16
288, 60, 16
288, 60, 16
308, 60, 16
288, 60, 16
285, 60, 16
284, 60, 16
284, 60, 16
284, 60, 16
280, 60, 16
284, 60, 16
285, 60, 16
284, 60, 16
287, 60, 16
296, 60, 16
284, 60, 16
284, 60, 16
284, 60, 16
285, 60, 16
294, 60, 16
284, 60, 16
283, 60, 16
284, 60, 16
289, 60, 16
293, 60, 16
288, 60, 16
284, 60, 16
283, 60, 16
288, 60, 16
290, 60, 16
307, 60, 16
284, 60, 16
284, 60, 16
284, 60, 16
284, 60, 16
297, 60, 16
280, 60, 16
284, 60, 16
284, 60, 16
284, 60, 16
289, 60, 16
293, 60, 16
283, 60, 16
284, 60, 16
284, 60, 16
285, 60, 16
309, 60, 16
288, 60, 16
288, 60, 16
284, 60, 16
285, 60, 16
284, 60, 16
280, 60, 16
284, 60, 16
284, 60, 16
284, 60, 16
286, 60, 16
288, 60, 16
288, 60, 16
288, 60, 16
284, 60, 16
285, 60, 16
297, 60, 16
285, 60, 16
284, 60, 17
372, 60, 17
284, 60, 17
289, 60, 17
301, 60, 17
284, 60, 17
284, 60, 17
284, 60, 17
287, 60, 17
303, 60, 17
284, 60, 17
284, 60, 17
284, 60, 17
285, 60, 17
299, 60, 17
280, 60, 17
284, 60, 17
284, 60, 17
284, 60, 17
284, 60, 17
292, 60, 17
283, 60, 17
284, 60, 17
284, 60, 17
285, 60, 17
285, 60, 17
284, 60, 17
284, 60, 17
284, 60, 17
285, 60, 17
289, 60, 17
280, 60, 17
284, 60, 17
284, 60, 17
284, 60, 17
287, 60, 17
303, 60, 17
284, 60, 17
284, 60, 17
284, 60, 17
285, 60, 17
297, 60, 17
284, 60, 17
284, 60, 17
284, 60, 17
284, 60, 17
289, 60, 17
293, 60, 17
284, 60, 17
284, 60, 17
284, 60, 17
284, 60, 17
303, 60, 17
284, 60, 17
285, 60, 17
284, 60, 17
285, 60, 17
285, 60, 17
280, 60, 17
284, 60, 17
284, 60, 17
284, 60, 17
286, 60, 17
297, 60, 17
284, 60, 17
284, 60, 17
284, 60, 17
285, 60, 17
294, 60, 17
284, 60, 17
284, 60, 17
284, 60, 17
284, 60, 17
288, 60, 17
284, 60, 18
361, 60, 18
284, 60, 18
281, 60, 18
283, 60, 18
301, 60, 18
280, 60, 18
280, 60, 18
280, 60, 18
284, 60, 18
295, 60, 18
280, 60, 18
284, 60, 18
284, 60, 18
284, 60, 18
285, 60, 18
291, 60, 18
280, 60, 18
280, 60, 18
280, 60, 18
281, 60, 18
303, 60, 18
280, 60, 18
280, 60, 18
280, 60, 18
281, 60, 18
280, 60, 18
274, 60, 18
280, 60, 18
280, 60, 18
280, 60, 18
282, 60, 18
280, 60, 18
280, 60, 18
280, 60, 18
281, 60, 18
281, 60, 18
289, 60, 18
284, 60, 18
284, 60, 18
284, 60, 18
285, 60, 18
287, 60, 18
299, 60, 18
280, 60, 18
280, 60, 18
280, 60, 18
282, 60, 18
303, 60, 18
280, 60, 18
280, 60, 18
280, 60, 18
280, 60, 18
287, 60, 18
273, 60, 18
280, 60, 18
280, 60, 18
280, 60, 18
280, 60, 18
298, 60, 18
280, 60, 18
284, 60, 18
284, 60, 18
285, 60, 18
280, 60, 18
276, 60, 18
280, 60, 18
280, 60, 18
280, 60, 18
283, 60, 18
296, 60, 18
284, 60, 18
284, 60, 18
280, 60, 18
281, 60, 19
301, 60, 19
280, 60, 19
280, 60, 19
280, 60, 19
281, 60, 19
286, 60, 19
280, 60, 19
280, 60, 19
280, 60, 19
280, 60, 19
283, 60, 19
301, 60, 19
280, 60, 19
280, 60, 19
280, 60, 19
281, 60, 19
291, 60, 19
274, 60, 19
281, 60, 19
280, 60, 19
281, 60, 19
284, 60, 19
292, 60, 19
280, 60, 19
280, 60, 19
280, 60, 19
281, 60, 19
303, 60, 19
280, 60, 19
280, 60, 19
280, 60, 19
280, 60, 19
280, 60, 19
274, 60, 19
280, 60, 19
280, 60, 19
280, 60, 19
282, 60, 19
281, 60, 19
280, 60, 19
280, 60, 19
280, 60, 19
281, 60, 19
287, 60, 19
280, 60, 19
280, 60, 19
280, 60, 19
281, 60, 19
283, 60, 19
299, 60, 19
280, 60, 19
280, 60, 19
280, 60, 19
282, 60, 19
295, 60, 19
276, 60, 19
280, 60, 19
280, 60, 19
281, 60, 19
283, 60, 19
290, 60, 19
280, 60, 19
280, 60, 19
280, 60, 19
280, 60, 19
302, 60, 19
280, 60, 19
280, 60, 19
280, 60, 19
280, 60, 19
281, 60, 19
274, 60, 19
280, 60, 19
281, 60, 20
281, 60, 20
282, 60, 20
297, 60, 20
280, 60, 20
280, 60, 20
280, 60, 20
281, 60, 20
289, 60, 20
280, 60, 20
284, 60, 20
284, 60, 20
285, 60, 20
287, 60, 20
284, 60, 20
284, 60, 20
283, 60, 20
284, 60, 20
285, 60, 20
309, 60, 20
284, 60, 20
284, 60, 20
284, 60, 20
284, 60, 20
289, 60, 20
293, 60, 20
284, 60, 20
284, 60, 20
284, 60, 20
284, 60, 20
305, 60, 20
284, 60, 20
284, 60, 20
284, 60, 20
284, 60, 20
293, 60, 20
278, 60, 20
284, 60, 20
284, 60, 20
284, 60, 20
286, 60, 20
299, 60, 20
284, 60, 20
284, 60, 20
284, 60, 20
285, 60, 20
284, 60, 20
280, 60, 20
284, 60, 20
284, 60, 20
284, 60, 20
287, 60, 20
285, 60, 20
284, 60, 20
284, 60, 20
285, 60, 20
285, 60, 20
307, 60, 20
284, 60, 20
284, 60, 20
284, 60, 20
285, 60, 20
289, 60, 20
294, 60, 20
284, 60, 20
284, 60, 20
284, 60, 20
286, 60, 20
306, 60, 20
284, 60, 20
284, 60, 20
284, 60, 20
284, 60, 20
292, 60, 20
277, 60, 21
285, 60, 21
284, 60, 21
284, 60, 21
284, 60, 21
299, 60, 21
284, 60, 21
292, 60, 21
291, 60, 21
293, 60, 21
289, 60, 21
284, 60, 21
287, 60, 21
288, 60, 21
288, 60, 21
290, 60, 21
297, 60, 21
288, 60, 21
288, 60, 21
288, 60, 21
289, 60, 21
303, 60, 21
292, 60, 21
291, 60, 21
292, 60, 21
288, 60, 21
293, 60, 21
288, 60, 21
287, 60, 21
288, 60, 21
292, 60, 21
293, 60, 21
314, 60, 21
288, 60, 21
287, 60, 21
288, 60, 21
288, 60, 21
296, 60, 21
282, 60, 21
288, 60, 21
288, 60, 21
288, 60, 21
291, 60, 21
305, 60, 21
288, 60, 21
288, 60, 21
288, 60, 21
288, 60, 21
302, 60, 21
284, 60, 21
288, 60, 21
288, 60, 21
288, 60, 21
288, 60, 21
302, 60, 21
291, 60, 21
292, 60, 21
291, 60, 21
292, 60, 21
292, 60, 21
292, 60, 21
291, 60, 21
292, 60, 21
292, 60, 21
295, 60, 21
292, 60, 21
291, 60, 21
291, 60, 21
292, 60, 21
293, 60, 21
316, 60, 21
292, 60, 21
291, 60, 21
291, 60, 21
296, 60, 22
302, 60, 22
301, 60, 22
291, 60, 22
291, 60, 22
292, 60, 22
306, 60, 22
323, 60, 22
311, 60, 22
311, 60, 22
310, 60, 22
307, 60, 22
317, 60, 22
302, 60, 22
311, 60, 22
310, 60, 22
311, 60, 22
311, 60, 22
325, 60, 22
310, 60, 22
311, 60, 22
311, 60, 22
312, 60, 22
332, 60, 22
304, 60, 22
306, 60, 22
311, 60, 22
311, 60, 22
313, 60, 22
320, 60, 22
310, 60, 22
310, 60, 22
311, 60, 22
312, 60, 22
311, 60, 22
310, 60, 22
310, 60, 22
311, 60, 22
311, 60, 22
316, 60, 22
307, 60, 22
307, 60, 22
306, 60, 22
311, 60, 22
312, 60, 22
335, 60, 22
307, 60, 22
307, 60, 22
307, 60, 22
312, 60, 22
319, 60, 22
321, 60, 22
311, 60, 22
311, 60, 22
311, 60, 22
314, 60, 22
327, 60, 22
310, 60, 22
310, 60, 22
311, 60, 22
311, 60, 22
323, 60, 22
306, 60, 22
311, 60, 22
311, 60, 22
311, 60, 22
311, 60, 22
324, 60, 22
310, 60, 22
311, 60, 22
311, 60, 22
311, 60, 22
311, 60, 22
308, 60, 22
310, 60, 23
311, 60, 23
311, 60, 23
313, 60, 23
321, 60, 23
311, 60, 23
310, 60, 23
311, 60, 23
312, 60, 23
328, 60, 23
314, 60, 23
315, 60, 23
314, 60, 23
311, 60, 23
314, 60, 23
311, 60, 23
311, 60, 23
311, 60, 23
315, 60, 23
316, 60, 23
338, 60, 23
311, 60, 23
310, 60, 23
310, 60, 23
311, 60, 23
318, 60, 23
329, 60, 23
311, 60, 23
310, 60, 23
311, 60, 23
314, 60, 23
331, 60, 23
310, 60, 23
311, 60, 23
311, 60, 23
311, 60, 23
321, 60, 23
306, 60, 23
311, 60, 23
311, 60, 23
311, 60, 23
311, 60, 23
320, 60, 23
306, 60, 23
299, 60, 23
299, 60, 23
300, 60, 23
296, 60, 23
294, 60, 23
295, 60, 23
300, 60, 23
300, 60, 23
303, 60, 23
300, 60, 23
299, 60, 23
299, 60, 23
300, 60, 23
301, 60, 23
324, 60, 23
300, 60, 23
299, 60, 23
299, 60, 23
300, 60, 23
303, 60, 23
312, 60, 23
299, 60, 23
299, 60, 23
299, 60, 23
301, 60, 23
319, 60, 23
299, 60, 23
295, 60, 23
295, 60, 23
299, 60, 23
305, 60, 24
293, 60, 24
296, 60, 24
295, 60, 24
295, 60, 24
277, 60, 24
294, 60, 24
276, 60, 24
256, 60, 24
256, 60, 24
257, 60, 24
271, 60, 24
256, 60, 24
260, 60, 24
261, 60, 24
261, 60, 24
263, 60, 24
274, 60, 24
261, 60, 24
261, 60, 24
261, 60, 24
262, 60, 24
261, 60, 24
256, 60, 24
261, 60, 24
261, 60, 24
261, 60, 24
263, 60, 24
261, 60, 24
260, 60, 24
261, 60, 24
262, 60, 24
262, 60, 24
271, 60, 24
261, 60, 24
261, 60, 24
261, 60, 24
261, 60, 24
265, 60, 24
275, 60, 24
261, 60, 24
261, 60, 24
261, 60, 24
262, 60, 24
285, 60, 24
256, 60, 24
261, 60, 24
261, 60, 24
261, 60, 24
266, 60, 24
270, 60, 24
261, 60, 24
261, 60, 24
261, 60, 24
261, 60, 24
283, 60, 24
260, 60, 24
261, 60, 24
261, 60, 24
261, 60, 24
261, 60, 24
267, 60, 24
261, 60, 24
261, 60, 24
261, 60, 24
262, 60, 24
283, 60, 24
261, 60, 24
261, 60, 24
261, 60, 24
262, 60, 24
265, 60, 24
256, 60, 24
261, 60, 24
261, 60, 25
261, 60, 25
263, 60, 25
261, 60, 25
252, 60, 25
252, 60, 25
210, 60, 25
210, 60, 25
216, 60, 25
202, 60, 25
201, 60, 25
202, 60, 25
206, 60, 25
208, 60, 25
223, 60, 25
206, 60, 25
205, 60, 25
205, 60, 25
206, 60, 25
215, 60, 25
198, 60, 25
206, 60, 25
205, 60, 25
205, 60, 25
209, 60, 25
217, 60, 25
205, 60, 25
205, 60, 25
206, 60, 25
206, 60, 25
222, 60, 25
200, 60, 25
206, 60, 25
206, 60, 25
206, 60, 25
202, 60, 25
209, 60, 25
201, 60, 25
198, 60, 25
198, 60, 25
199, 60, 25
198, 60, 25
196, 60, 25
198, 60, 25
198, 60, 25
198, 60, 25
201, 60, 25
204, 60, 25
198, 60, 25
197, 60, 25
198, 60, 25
199, 60, 25
213, 60, 25
198, 60, 25
198, 60, 25
198, 60, 25
198, 60, 25
202, 60, 25
198, 60, 25
198, 60, 25
198, 60, 25
198, 60, 25
199, 60, 25
220, 60, 25
198, 60, 25
197, 60, 25
198, 60, 25
198, 60, 25
203, 60, 25
203, 60, 25
198, 60, 25
198, 60, 25
198, 60, 25
198, 60, 25
219, 60, 26
198, 60, 26
198, 60, 26
198, 60, 26
198, 60, 26
206, 60, 26
192, 60, 26
197, 60, 26
205, 60, 26
206, 60, 26
207, 60, 26
215, 60, 26
202, 60, 26
202, 60, 26
206, 60, 26
206, 60, 26
202, 60, 26
194, 60, 26
201, 60, 26
206, 60, 26
206, 60, 26
207, 60, 26
206, 60, 26
205, 60, 26
205, 60, 26
206, 60, 26
206, 60, 26
213, 60, 26
200, 60, 26
205, 60, 26
205, 60, 26
210, 60, 26
212, 60, 26
227, 60, 26
213, 60, 26
213, 60, 26
213, 60, 26
215, 60, 26
223, 60, 26
213, 60, 26
213, 60, 26
213, 60, 26
210, 60, 26
213, 60, 26
221, 60, 26
214, 60, 26
213, 60, 26
213, 60, 26
214, 60, 26
237, 60, 26
208, 60, 26
214, 60, 26
213, 60, 26
214, 60, 26
214, 60, 26
222, 60, 26
213, 60, 26
213, 60, 26
213, 60, 26
214, 60, 26
233, 60, 26
208, 60, 26
209, 60, 26
213, 60, 26
214, 60, 26
216, 60, 26
217, 60, 26
213, 60, 26
213, 60, 26
213, 60, 26
214, 60, 26
214, 60, 26
213, 60, 26
213, 60, 26
210, 60, 27
210, 60, 27
213, 60, 27
210, 60, 27
209, 60, 27
209, 60, 27
249, 60, 27
250, 60, 27
271, 60, 27
261, 60, 27
261, 60, 27
261, 60, 27
257, 60, 27
262, 60, 27
262, 60, 27
256, 60, 27
256, 60, 27
256, 60, 27
254, 60, 27
271, 60, 27
252, 60, 27
256, 60, 27
256, 60, 27
256, 60, 27
263, 60, 27
249, 60, 27
257, 60, 27
256, 60, 27
256, 60, 27
256, 60, 27
275, 60, 27
256, 60, 27
257, 60, 27
256, 60, 27
257, 60, 27
256, 60, 27
248, 60, 27
256, 60, 27
256, 60, 27
256, 60, 27
258, 60, 27
275, 60, 27
256, 60, 27
256, 60, 27
256, 60, 27
257, 60, 27
261, 60, 27
256, 60, 27
256, 60, 27
256, 60, 27
252, 60, 27
253, 60, 27
256, 60, 27
256, 60, 27
256, 60, 27
256, 60, 27
257, 60, 27
263, 60, 27
256, 60, 27
256, 60, 27
256, 60, 27
256, 60, 27
258, 60, 27
277, 60, 27
256, 60, 27
256, 60, 27
256, 60, 27
257, 60, 27
263, 60, 27
248, 60, 27
256, 60, 27
256, 60, 27
256, 60, 27
258, 60, 27
275, 60, 28
256, 60, 28
256, 60, 28
256, 60, 28
256, 60, 28
271, 60, 28
258, 60, 28
288, 60, 28
288, 60, 28
288, 60, 28
288, 60, 28
303, 60, 28
287, 60, 28
288, 60, 28
288, 60, 28
288, 60, 28
288, 60, 28
284, 60, 28
288, 60, 28
288, 60, 28
288, 60, 28
290, 60, 28
302, 60, 28
288, 60, 28
288, 60, 28
288, 60, 28
289, 60, 28
295, 60, 28
288, 60, 28
287, 60, 28
288, 60, 28
288, 60, 28
290, 60, 28
288, 60, 28
287, 60, 28
287, 60, 28
288, 60, 28
289, 60, 28
297, 60, 28
288, 60, 28
287, 60, 28
288, 60, 28
288, 60, 28
290, 60, 28
307, 60, 28
288, 60, 28
288, 60, 28
287, 60, 28
289, 60, 28
298, 60, 28
282, 60, 28
288, 60, 28
287, 60, 28
288, 60, 28
291, 60, 28
303, 60, 28
288, 60, 28
288, 60, 28
288, 60, 28
288, 60, 28
300, 60, 28
282, 60, 28
288, 60, 28
288, 60, 28
288, 60, 28
288, 60, 28
301, 60, 28
288, 60, 28
288, 60, 28
288, 60, 28
288, 60, 28
288, 60, 28
288, 60, 28
287, 60, 28
288, 60, 29
288, 60, 29
290, 60, 29
300, 60, 29
288, 60, 29
287, 60, 29
303, 60, 29
304, 60, 29
309, 60, 29
304, 60, 29
307, 60, 29
307, 60, 29
303, 60, 29
306, 60, 29
311, 60, 29
311, 60, 29
310, 60, 29
311, 60, 29
312, 60, 29
319, 60, 29
311, 60, 29
310, 60, 29
311, 60, 29
311, 60, 29
314, 60, 29
327, 60, 29
311, 60, 29
311, 60, 29
311, 60, 29
312, 60, 29
322, 60, 29
306, 60, 29
311, 60, 29
310, 60, 29
311, 60, 29
314, 60, 29
327, 60, 29
311, 60, 29
310, 60, 29
311, 60, 29
311, 60, 29
325, 60, 29
306, 60, 29
311, 60, 29
310, 60, 29
311, 60, 29
311, 60, 29
325, 60, 29
310, 60, 29
311, 60, 29
311, 60, 29
311, 60, 29
311, 60, 29
306, 60, 29
311, 60, 29
311, 60, 29
311, 60, 29
313, 60, 29
326, 60, 29
310, 60, 29
310, 60, 29
311, 60, 29
311, 60, 29
318, 60, 29
306, 60, 29
310, 60, 29
311, 60, 29
311, 60, 29
313, 60, 29
311, 60, 29
311, 60, 29
310, 60, 29
311, 60, 29
311, 60, 29
319, 60, 30
311, 60, 30
311, 60, 30
311, 60, 30
315, 60, 30
317, 60, 30
335, 60, 30
323, 60, 30
322, 60, 30
322, 60, 30
324, 60, 30
332, 60, 30
320, 60, 30
322, 60, 30
322, 60, 30
322, 60, 30
325, 60, 30
341, 60, 30
322, 60, 30
322, 60, 30
322, 60, 30
322, 60, 30
333, 60, 30
320, 60, 30
323, 60, 30
322, 60, 30
322, 60, 30
323, 60, 30
341, 60, 30
322, 60, 30
323, 60, 30
322, 60, 30
323, 60, 30
323, 60, 30
320, 60, 30
322, 60, 30
323, 60, 30
322, 60, 30
324, 60, 30
342, 60, 30
322, 60, 30
322, 60, 30
322, 60, 30
323, 60, 30
327, 60, 30
320, 60, 30
322, 60, 30
322, 60, 30
322, 60, 30
324, 60, 30
323, 60, 30
322, 60, 30
322, 60, 30
323, 60, 30
323, 60, 30
328, 60, 30
323, 60, 30
322, 60, 30
322, 60, 30
323, 60, 30
325, 60, 30
346, 60, 30
323, 60, 30
322, 60, 30
322, 60, 30
323, 60, 30
329, 60, 30
334, 60, 30
322, 60, 30
322, 60, 30
323, 60, 30
324, 60, 30
345, 60, 30
322, 60, 30
322, 60, 31
322, 60, 31
323, 60, 31
325, 60, 31
327, 60, 31
323, 60, 31
322, 60, 31
322, 60, 31
326, 60, 31
349, 60, 31
326, 60, 31
323, 60, 31
322, 60, 31
323, 60, 31
327, 60, 31
338, 60, 31
326, 60, 31
323, 60, 31
323, 60, 31
324, 60, 31
345, 60, 31
322, 60, 31
322, 60, 31
322, 60, 31
322, 60, 31
325, 60, 31
328, 60, 31
322, 60, 31
322, 60, 31
323, 60, 31
323, 60, 31
326, 60, 31
326, 60, 31
326, 60, 31
323, 60, 31
323, 60, 31
325, 60, 31
323, 60, 31
322, 60, 31
322, 60, 31
326, 60, 31
327, 60, 31
339, 60, 31
320, 60, 31
322, 60, 31
322, 60, 31
323, 60, 31
326, 60, 31
339, 60, 31
322, 60, 31
322, 60, 31
322, 60, 31
327, 60, 31
336, 60, 31
326, 60, 31
322, 60, 31
322, 60, 31
323, 60, 31
329, 60, 31
343, 60, 31
323, 60, 31
322, 60, 31
322, 60, 31
323, 60, 31
334, 60, 31
320, 60, 31
323, 60, 31
322, 60, 31
322, 60, 31
326, 60, 31
343, 60, 31
326, 60, 31
323, 60, 31
322, 60, 31
323, 60, 32
333, 60, 32
314, 60, 32
322, 60, 32
326, 60, 32
326, 60, 32
328, 60, 32
351, 60, 32
333, 60, 32
334, 60, 32
334, 60, 32
334, 60, 32
338, 60, 32
334, 60, 32
337, 60, 32
334, 60, 32
334, 60, 32
335, 60, 32
334, 60, 32
334, 60, 32
333, 60, 32
334, 60, 32
334, 60, 32
339, 60, 32
330, 60, 32
333, 60, 32
333, 60, 32
334, 60, 32
335, 60, 32
357, 60, 32
334, 60, 32
333, 60, 32
333, 60, 32
335, 60, 32
339, 60, 32
333, 60, 32
334, 60, 32
333, 60, 32
334, 60, 32
335, 60, 32
357, 60, 32
334, 60, 32
333, 60, 32
333, 60, 32
334, 60, 32
339, 60, 32
344, 60, 32
334, 60, 32
333, 60, 32
333, 60, 32
338, 60, 32
362, 60, 32
336, 60, 32
334, 60, 32
333, 60, 32
334, 60, 32
339, 60, 32
344, 60, 32
333, 60, 32
337, 60, 32
337, 60, 32
338, 60, 32
358, 60, 32
332, 60, 32
334, 60, 32
333, 60, 32
334, 60, 32
334, 60, 32
345, 60, 32
333, 60, 32
334, 60, 32
334, 60, 32
335, 60, 32
335, 60, 32
330, 60, 33
334, 60, 33
384, 60, 33
334, 60, 33
336, 60, 33
350, 60, 33
337, 60, 33
337, 60, 33
345, 60, 33
346, 60, 33
355, 60, 33
344, 60, 33
344, 60, 33
345, 60, 33
345, 60, 33
348, 60, 33
345, 60, 33
345, 60, 33
345, 60, 33
345, 60, 33
346, 60, 33
354, 60, 33
345, 60, 33
344, 60, 33
345, 60, 33
345, 60, 33
347, 60, 33
365, 60, 33
345, 60, 33
345, 60, 33
345, 60, 33
345, 60, 33
355, 60, 33
356, 60, 33
345, 60, 33
344, 60, 33
345, 60, 33
348, 60, 33
366, 60, 33
344, 60, 33
345, 60, 33
345, 60, 33
345, 60, 33
354, 60, 33
340, 60, 33
345, 60, 33
344, 60, 33
345, 60, 33
345, 60, 33
367, 60, 33
344, 60, 33
345, 60, 33
344, 60, 33
345, 60, 33
345, 60, 33
352, 60, 33
344, 60, 33
345, 60, 33
345, 60, 33
346, 60, 33
369, 60, 33
344, 60, 33
344, 60, 33
345, 60, 33
345, 60, 33
348, 60, 33
354, 60, 33
344, 60, 33
344, 60, 33
345, 60, 33
346, 60, 33
344, 60, 33
344, 60, 33
344, 60, 33
345, 60, 34
345, 60, 34
433, 60, 34
345, 60, 34
345, 60, 34
345, 60, 34
349, 60, 34
350, 60, 34
361, 60, 34
352, 60, 34
352, 60, 34
352, 60, 34
349, 60, 34
351, 60, 34
367, 60, 34
352, 60, 34
352, 60, 34
352, 60, 34
350, 60, 34
359, 60, 34
344, 60, 34
352, 60, 34
352, 60, 34
352, 60, 34
355, 60, 34
371, 60, 34
352, 60, 34
352, 60, 34
352, 60, 34
352, 60, 34
359, 60, 34
348, 60, 34
349, 60, 34
348, 60, 34
348, 60, 34
353, 60, 34
375, 60, 34
352, 60, 34
353, 60, 34
352, 60, 34
352, 60, 34
361, 60, 34
348, 60, 34
352, 60, 34
352, 60, 34
352, 60, 34
353, 60, 34
375, 60, 34
352, 60, 34
352, 60, 34
348, 60, 34
349, 60, 34
348, 60, 34
362, 60, 34
352, 60, 34
352, 60, 34
352, 60, 34
353, 60, 34
349, 60, 34
348, 60, 34
348, 60, 34
353, 60, 34
353, 60, 34
355, 60, 34
353, 60, 34
352, 60, 34
352, 60, 34
353, 60, 34
353, 60, 34
363, 60, 34
352, 60, 34
352, 60, 34
352, 60, 34
353, 60, 34
355, 60, 35
371, 60, 35
444, 60, 35
348, 60, 35
348, 60, 35
454, 60, 35
366, 60, 35
352, 60, 35
356, 60, 35
355, 60, 35
360, 60, 35
363, 60, 35
378, 60, 35
360, 60, 35
360, 60, 35
359, 60, 35
360, 60, 35
370, 60, 35
356, 60, 35
360, 60, 35
359, 60, 35
360, 60, 35
363, 60, 35
379, 60, 35
359, 60, 35
359, 60, 35
359, 60, 35
360, 60, 35
369, 60, 35
356, 60, 35
360, 60, 35
359, 60, 35
359, 60, 35
360, 60, 35
381, 60, 35
359, 60, 35
360, 60, 35
359, 60, 35
360, 60, 35
360, 60, 35
356, 60, 35
360, 60, 35
360, 60, 35
360, 60, 35
361, 60, 35
360, 60, 35
359, 60, 35
359, 60, 35
360, 60, 35
360, 60, 35
363, 60, 35
370, 60, 35
359, 60, 35
359, 60, 35
360, 60, 35
361, 60, 35
370, 60, 35
358, 60, 35
359, 60, 35
359, 60, 35
360, 60, 35
362, 60, 35
359, 60, 35
359, 60, 35
359, 60, 35
360, 60, 35
361, 60, 35
369, 60, 35
360, 60, 35
359, 60, 35
359, 60, 35
360, 60, 35
363, 60, 35
381, 60, 35
360, 60, 36
360, 60, 36
460, 60, 36
358, 60, 36
366, 60, 36
352, 60, 36
363, 60, 36
363, 60, 36
364, 60, 36
370, 60, 36
388, 60, 36
367, 60, 36
367, 60, 36
367, 60, 36
367, 60, 36
376, 60, 36
363, 60, 36
367, 60, 36
367, 60, 36
367, 60, 36
367, 60, 36
391, 60, 36
366, 60, 36
368, 60, 36
367, 60, 36
368, 60, 36
364, 60, 36
378, 60, 36
364, 60, 36
368, 60, 36
367, 60, 36
368, 60, 36
392, 60, 36
366, 60, 36
367, 60, 36
367, 60, 36
367, 60, 36
370, 60, 36
376, 60, 36
363, 60, 36
363, 60, 36
367, 60, 36
368, 60, 36
367, 60, 36
364, 60, 36
367, 60, 36
368, 60, 36
367, 60, 36
369, 60, 36
367, 60, 36
367, 60, 36
367, 60, 36
367, 60, 36
368, 60, 36
374, 60, 36
368, 60, 36
367, 60, 36
367, 60, 36
368, 60, 36
369, 60, 36
391, 60, 36
367, 60, 36
367, 60, 36
367, 60, 36
368, 60, 36
373, 60, 36
379, 60, 36
367, 60, 36
367, 60, 36
367, 60, 36
369, 60, 36
392, 60, 36
367, 60, 36
367, 60, 36
367, 60, 37
364, 60, 37
368, 60, 37
377, 60, 37
367, 60, 37
367, 60, 37
367, 60, 37
372, 60, 37
396, 60, 37
368, 60, 37
371, 60, 37
370, 60, 37
371, 60, 37
375, 60, 37
386, 60, 37
371, 60, 37
371, 60, 37
371, 60, 37
371, 60, 37
383, 60, 37
368, 60, 37
371, 60, 37
371, 60, 37
371, 60, 37
371, 60, 37
391, 60, 37
371, 60, 37
371, 60, 37
371, 60, 37
371, 60, 37
371, 60, 37
368, 60, 37
370, 60, 37
372, 60, 37
371, 60, 37
373, 60, 37
371, 60, 37
371, 60, 37
371, 60, 37
371, 60, 37
371, 60, 37
375, 60, 37
378, 60, 37
370, 60, 37
370, 60, 37
371, 60, 37
372, 60, 37
383, 60, 37
369, 60, 37
370, 60, 37
371, 60, 37
371, 60, 37
374, 60, 37
371, 60, 37
371, 60, 37
371, 60, 37
371, 60, 37
372, 60, 37
381, 60, 37
371, 60, 37
370, 60, 37
371, 60, 37
371, 60, 37
373, 60, 37
393, 60, 37
371, 60, 37
370, 60, 37
371, 60, 37
372, 60, 37
379, 60, 37
377, 60, 37
371, 60, 37
370, 60, 37
371, 60, 37
373, 60, 38
394, 60, 38
474, 60, 38
371, 60, 38
371, 60, 38
371, 60, 38
381, 60, 38
384, 60, 38
375, 60, 38
374, 60, 38
374, 60, 38
375, 60, 38
399, 60, 38
372, 60, 38
379, 60, 38
378, 60, 38
379, 60, 38
379, 60, 38
395, 60, 38
378, 60, 38
379, 60, 38
379, 60, 38
379, 60, 38
405, 60, 38
374, 60, 38
378, 60, 38
378, 60, 38
378, 60, 38
381, 60, 38
393, 60, 38
481, 60, 38
375, 60, 38
374, 60, 38
375, 60, 38
379, 60, 38
376, 60, 38
378, 60, 38
379, 60, 38
379, 60, 38
380, 60, 38
379, 60, 38
378, 60, 38
378, 60, 38
379, 60, 38
379, 60, 38
383, 60, 38
376, 60, 38
378, 60, 38
378, 60, 38
379, 60, 38
380, 60, 38
404, 60, 38
378, 60, 38
378, 60, 38
378, 60, 38
379, 60, 38
382, 60, 38
378, 60, 38
375, 60, 38
374, 60, 38
375, 60, 38
380, 60, 38
390, 60, 38
379, 60, 38
378, 60, 38
378, 60, 38
379, 60, 38
381, 60, 38
399, 60, 38
379, 60, 38
378, 60, 38
378, 60, 38
375, 60, 38
383, 60, 38
370, 60, 39
378, 60, 39
479, 60, 39
378, 60, 39
381, 60, 39
401, 60, 39
378, 60, 39
383, 60, 39
383, 60, 39
383, 60, 39
389, 60, 39
394, 60, 39
383, 60, 39
383, 60, 39
383, 60, 39
383, 60, 39
409, 60, 39
381, 60, 39
384, 60, 39
383, 60, 39
383, 60, 39
384, 60, 39
398, 60, 39
383, 60, 39
384, 60, 39
383, 60, 39
384, 60, 39
392, 60, 39
380, 60, 39
383, 60, 39
502, 60, 39
384, 60, 39
385, 60, 39
403, 60, 39
383, 60, 39
383, 60, 39
383, 60, 39
384, 60, 39
383, 60, 39
380, 60, 39
383, 60, 39
383, 60, 39
387, 60, 39
389, 60, 39
384, 60, 39
383, 60, 39
383, 60, 39
384, 60, 39
384, 60, 39
387, 60, 39
384, 60, 39
383, 60, 39
383, 60, 39
387, 60, 39
388, 60, 39
399, 60, 39
386, 60, 39
387, 60, 39
387, 60, 39
383, 60, 39
386, 60, 39
405, 60, 39
383, 60, 39
383, 60, 39
383, 60, 39
388, 60, 39
396, 60, 39
387, 60, 39
387, 60, 39
387, 60, 39
387, 60, 39
389, 60, 39
411, 60, 39
387, 60, 39
387, 60, 40
387, 60, 40
389, 60, 40
389, 60, 40
394, 60, 40
391, 60, 40
390, 60, 40
390, 60, 40
393, 60, 40
415, 60, 40
388, 60, 40
390, 60, 40
390, 60, 40
390, 60, 40
395, 60, 40
406, 60, 40
390, 60, 40
390, 60, 40
390, 60, 40
391, 60, 40
413, 60, 40
388, 60, 40
391, 60, 40
391, 60, 40
391, 60, 40
391, 60, 40
411, 60, 40
390, 60, 40
391, 60, 40
390, 60, 40
391, 60, 40
391, 60, 40
387, 60, 40
390, 60, 40
391, 60, 40
391, 60, 40
392, 60, 40
414, 60, 40
390, 60, 40
390, 60, 40
390, 60, 40
391, 60, 40
394, 60, 40
401, 60, 40
390, 60, 40
390, 60, 40
390, 60, 40
391, 60, 40
390, 60, 40
388, 60, 40
390, 60, 40
391, 60, 40
391, 60, 40
393, 60, 40
391, 60, 40
390, 60, 40
390, 60, 40
391, 60, 40
391, 60, 40
397, 60, 40
391, 60, 40
390, 60, 40
390, 60, 40
391, 60, 40
392, 60, 40
415, 60, 40
390, 60, 40
390, 60, 40
390, 60, 40
391, 60, 40
395, 60, 40
406, 60, 40
390, 60, 40
390, 60, 40
390, 60, 41
392, 60, 41
417, 60, 41
391, 60, 41
390, 60, 41
390, 60, 41
394, 60, 41
398, 60, 41
413, 60, 41
394, 60, 41
394, 60, 41
394, 60, 41
395, 60, 41
406, 60, 41
391, 60, 41
399, 60, 41
398, 60, 41
398, 60, 41
400, 60, 41
419, 60, 41
397, 60, 41
398, 60, 41
398, 60, 41
398, 60, 41
403, 60, 41
407, 60, 41
398, 60, 41
397, 60, 41
398, 60, 41
398, 60, 41
422, 60, 41
396, 60, 41
398, 60, 41
397, 60, 41
398, 60, 41
399, 60, 41
412, 60, 41
398, 60, 41
398, 60, 41
398, 60, 41
398, 60, 41
398, 60, 41
396, 60, 41
397, 60, 41
398, 60, 41
398, 60, 41
400, 60, 41
418, 60, 41
398, 60, 41
398, 60, 41
398, 60, 41
398, 60, 41
404, 60, 41
394, 60, 41
397, 60, 41
398, 60, 41
398, 60, 41
399, 60, 41
398, 60, 41
398, 60, 41
397, 60, 41
398, 60, 41
398, 60, 41
401, 60, 41
398, 60, 41
398, 60, 41
397, 60, 41
398, 60, 41
399, 60, 41
408, 60, 41
396, 60, 41
398, 60, 41
397, 60, 41
399, 60, 41
400, 60, 42
421, 60, 42
395, 60, 42
394, 60, 42
394, 60, 42
399, 60, 42
405, 60, 42
398, 60, 42
401, 60, 42
401, 60, 42
402, 60, 42
403, 60, 42
427, 60, 42
402, 60, 42
401, 60, 42
401, 60, 42
402, 60, 42
407, 60, 42
418, 60, 42
402, 60, 42
401, 60, 42
402, 60, 42
402, 60, 42
416, 60, 42
400, 60, 42
402, 60, 42
401, 60, 42
402, 60, 42
405, 60, 42
423, 60, 42
401, 60, 42
401, 60, 42
401, 60, 42
402, 60, 42
411, 60, 42
398, 60, 42
401, 60, 42
401, 60, 42
401, 60, 42
402, 60, 42
426, 60, 42
400, 60, 42
402, 60, 42
402, 60, 42
402, 60, 42
402, 60, 42
419, 60, 42
401, 60, 42
402, 60, 42
402, 60, 42
402, 60, 42
415, 60, 42
400, 60, 42
401, 60, 42
402, 60, 42
402, 60, 42
403, 60, 42
423, 60, 42
401, 60, 42
401, 60, 42
402, 60, 42
402, 60, 42
401, 60, 42
398, 60, 42
401, 60, 42
402, 60, 42
402, 60, 42
403, 60, 42
402, 60, 42
400, 60, 42
401, 60, 42
402, 60, 42
402, 60, 42
405, 60, 42
402, 60, 43
401, 60, 43
402, 60, 43
402, 60, 43
403, 60, 43
412, 60, 43
404, 60, 43
405, 60, 43
405, 60, 43
405, 60, 43
408, 60, 43
429, 60, 43
405, 60, 43
404, 60, 43
405, 60, 43
406, 60, 43
411, 60, 43
405, 60, 43
405, 60, 43
405, 60, 43
405, 60, 43
406, 60, 43
431, 60, 43
406, 60, 43
405, 60, 43
405, 60, 43
405, 60, 43
409, 60, 43
423, 60, 43
406, 60, 43
405, 60, 43
405, 60, 43
407, 60, 43
415, 60, 43
402, 60, 43
405, 60, 43
405, 60, 43
406, 60, 43
408, 60, 43
428, 60, 43
405, 60, 43
405, 60, 43
405, 60, 43
405, 60, 43
411, 60, 43
417, 60, 43
405, 60, 43
405, 60, 43
405, 60, 43
406, 60, 43
431, 60, 43
402, 60, 43
406, 60, 43
405, 60, 43
405, 60, 43
406, 60, 43
423, 60, 43
405, 60, 43
405, 60, 43
405, 60, 43
406, 60, 43
415, 60, 43
402, 60, 43
405, 60, 43
405, 60, 43
405, 60, 43
407, 60, 43
428, 60, 43
405, 60, 43
405, 60, 43
405, 60, 43
406, 60, 43
406, 60, 43
416, 60, 43
405, 60, 44
406, 60, 44
405, 60, 44
406, 60, 44
406, 60, 44
404, 60, 44
405, 60, 44
409, 60, 44
409, 60, 44
412, 60, 44
410, 60, 44
409, 60, 44
409, 60, 44
409, 60, 44
410, 60, 44
415, 60, 44
406, 60, 44
409, 60, 44
409, 60, 44
409, 60, 44
411, 60, 44
435, 60, 44
409, 60, 44
408, 60, 44
409, 60, 44
409, 60, 44
413, 60, 44
409, 60, 44
409, 60, 44
409, 60, 44
409, 60, 44
410, 60, 44
419, 60, 44
409, 60, 44
409, 60, 44
409, 60, 44
410, 60, 44
412, 60, 44
431, 60, 44
409, 60, 44
408, 60, 44
409, 60, 44
410, 60, 44
414, 60, 44
421, 60, 44
409, 60, 44
409, 60, 44
409, 60, 44
411, 60, 44
422, 60, 44
409, 60, 44
409, 60, 44
408, 60, 44
409, 60, 44
413, 60, 44
430, 60, 44
409, 60, 44
409, 60, 44
409, 60, 44
409, 60, 44
419, 60, 44
406, 60, 44
409, 60, 44
409, 60, 44
409, 60, 44
409, 60, 44
432, 60, 44
408, 60, 44
409, 60, 44
409, 60, 44
409, 60, 44
414, 60, 44
422, 60, 44
409, 60, 44
409, 60, 0
489, 60, 0
473, 60, 0
447, 60, 0
438, 60, 0
432, 60, 0
427, 60, 0
409, 60, 0
406, 60, 0
341, 60, 0
345, 60, 0
323, 60, 0
285, 60, 0
284, 60, 0
289, 60, 0
292, 60, 0
291, 60, 0
292, 60, 0
406, 60, 0
372, 60, 0
374, 60, 0
374, 60, 0
419, 60, 0
413, 60, 0
416, 60, 0
387, 60, 0
389, 60, 0
404, 60, 0
458, 60, 0
457, 60, 0
458, 60, 0
479, 60, 0
478, 60, 0
478, 60, 0
479, 60, 0
505, 60, 0
478, 60, 0
472, 60, 0
472, 60, 0
482, 60, 0
472, 60, 0
467, 60, 0
468, 60, 0
468, 60, 0
468, 60, 0
468, 60, 0
468, 60, 0
473, 60, 0
466, 60, 0
467, 60, 0
468, 60, 0
470, 60, 0
486, 60, 0
468, 60, 0
468, 60, 0
469, 60, 0
469, 60, 0
468, 60, 0
468, 60, 0
468, 60, 0
493, 60, 0
468, 60, 0
468, 60, 0
468, 60, 0
480, 60, 0
468, 60, 0
468, 60, 0
468, 60, 0
474, 60, 0
468, 60, 0
468, 60, 0
468, 60, 0
474, 60, 0
466, 60, 0
467, 60, 0
468, 60, 0
471, 60, 0
483, 60, 0
468, 60, 0
468, 60, 0
469, 60, 0
469, 60, 1
603, 60, 1
468, 60, 1
468, 60, 1
491, 60, 1
468, 60, 1
469, 60, 1
465, 60, 1
490, 60, 1
538, 60, 1
434, 60, 1
435, 60, 1
445, 60, 1
374, 60, 1
374, 60, 1
374, 60, 1
422, 60, 1
412, 60, 1
412, 60, 1
444, 60, 1
448, 60, 1
441, 60, 1
447, 60, 1
446, 60, 1
449, 60, 1
443, 60, 1
442, 60, 1
443, 60, 1
443, 60, 1
460, 60, 1
442, 60, 1
443, 60, 1
444, 60, 1
467, 60, 1
442, 60, 1
446, 60, 1
447, 60, 1
459, 60, 1
443, 60, 1
442, 60, 1
443, 60, 1
458, 60, 1
446, 60, 1
446, 60, 1
443, 60, 1
448, 60, 1
441, 60, 1
447, 60, 1
446, 60, 1
448, 60, 1
443, 60, 1
442, 60, 1
443, 60, 1
443, 60, 1
464, 60, 1
449, 60, 1
450, 60, 1
444, 60, 1
465, 60, 1
442, 60, 1
446, 60, 1
447, 60, 1
473, 60, 1
447, 60, 1
446, 60, 1
447, 60, 1
443, 60, 1
442, 60, 1
442, 60, 1
443, 60, 1
450, 60, 1
441, 60, 1
447, 60, 1
447, 60, 1
450, 60, 1
446, 60, 1
442, 60, 1
443, 60, 1
442, 60, 1
453, 60, 1
442, 60, 1
442, 60, 2
448, 60, 2
467, 60, 2
446, 60, 2
439, 60, 2
548, 60, 2
464, 60, 2
439, 60, 2
438, 60, 2
439, 60, 2
428, 60, 2
427, 60, 2
427, 60, 2
427, 60, 2
437, 60, 2
426, 60, 2
424, 60, 2
423, 60, 2
428, 60, 2
423, 60, 2
423, 60, 2
423, 60, 2
425, 60, 2
421, 60, 2
423, 60, 2
423, 60, 2
426, 60, 2
441, 60, 2
423, 60, 2
424, 60, 2
425, 60, 2
447, 60, 2
424, 60, 2
423, 60, 2
424, 60, 2
423, 60, 2
423, 60, 2
423, 60, 2
423, 60, 2
434, 60, 2
423, 60, 2
424, 60, 2
424, 60, 2
428, 60, 2
423, 60, 2
423, 60, 2
423, 60, 2
426, 60, 2
421, 60, 2
423, 60, 2
423, 60, 2
426, 60, 2
440, 60, 2
423, 60, 2
424, 60, 2
425, 60, 2
447, 60, 2
424, 60, 2
423, 60, 2
424, 60, 2
420, 60, 2
419, 60, 2
419, 60, 2
416, 60, 2
428, 60, 2
416, 60, 2
416, 60, 2
420, 60, 2
425, 60, 2
417, 60, 2
416, 60, 2
416, 60, 2
419, 60, 2
414, 60, 2
416, 60, 2
416, 60, 2
419, 60, 2
435, 60, 2
416, 60, 2
417, 60, 2
417, 60, 2
439, 60, 3
529, 60, 3
416, 60, 3
417, 60, 3
409, 60, 3
409, 60, 3
408, 60, 3
409, 60, 3
418, 60, 3
405, 60, 3
405, 60, 3
402, 60, 3
407, 60, 3
400, 60, 3
394, 60, 3
394, 60, 3
397, 60, 3
396, 60, 3
398, 60, 3
398, 60, 3
398, 60, 3
411, 60, 3
397, 60, 3
395, 60, 3
395, 60, 3
415, 60, 3
398, 60, 3