460, 0, 0
461, 0, 0
476, 0, 0
460, 0, 0
461, 0, 0
467, 0, 0
461, 0, 0
460, 0, 0
460, 0, 0
461, 1, 0
460, 1, 0
552, 1, 0
524, 2, 0
506, 2, 0
472, 2, 0
502, 3, 0
480, 3, 0
454, 3, 0
452, 4, 0
435, 4, 0
436, 4, 0
480, 5, 0
434, 5, 0
463, 5, 0
453, 6, 0
453, 6, 0
493, 6, 0
493, 7, 0
538, 7, 0
502, 7, 0
493, 8, 0
486, 8, 0
508, 8, 0
486, 9, 0
486, 9, 0
554, 9, 0
486, 10, 0
468, 10, 0
490, 11, 0
468, 11, 0
431, 11, 0
433, 12, 0
428, 12, 0
412, 12, 0
412, 13, 0
434, 13, 0
431, 14, 0
431, 14, 0
433, 14, 0
431, 15, 0
431, 15, 0
431, 15, 0
438, 16, 0
438, 16, 0
438, 17, 0
439, 17, 0
438, 17, 0
438, 18, 0
438, 18, 0
460, 18, 0
442, 19, 0
443, 19, 0
446, 20, 0
443, 20, 0
592, 20, 0
447, 21, 0
462, 21, 0
446, 21, 0
450, 22, 0
458, 22, 0
449, 23, 0
454, 23, 0
454, 23, 0
470, 24, 0
454, 24, 0
453, 24, 0
458, 25, 0
459, 25, 0
457, 26, 0
458, 26, 0
457, 26, 0
457, 27, 0
457, 27, 0
461, 27, 0
461, 28, 0
485, 28, 0
461, 29, 0
465, 29, 0
453, 29, 0
453, 30, 0
461, 30, 0
460, 30, 0
461, 31, 0
569, 31, 0
479, 32, 0
464, 32, 0
465, 32, 0
471, 33, 0
464, 33, 0
464, 33, 0
465, 34, 0
591, 34, 0
464, 35, 0
464, 35, 0
470, 35, 0
464, 36, 0
464, 36, 0
464, 36, 0
483, 37, 0
594, 37, 0
479, 38, 0
483, 38, 0
468, 38, 0
468, 39, 0
468, 39, 0
464, 39, 0
464, 40, 0
641, 40, 0
464, 41, 0
464, 41, 0
464, 41, 0
465, 42, 0
480, 42, 0
464, 42, 0
464, 43, 0
473, 43, 0
464, 44, 0
464, 44, 0
466, 44, 0
477, 45, 0
464, 45, 0
461, 45, 0
467, 46, 0
461, 46, 0
461, 47, 0
462, 47, 0
479, 47, 0
461, 48, 0
461, 48, 0
467, 48, 0
457, 49, 0
637, 49, 0
458, 50, 0
457, 50, 0
460, 50, 0
461, 51, 0
465, 51, 0
457, 51, 0
457, 52, 0
632, 52, 0
465, 53, 0
453, 53, 0
453, 53, 0
462, 54, 0
454, 54, 0
453, 54, 0
450, 55, 0
460, 55, 0
449, 55, 0
450, 56, 0
457, 56, 0
449, 57, 0
451, 57, 0
451, 57, 0
467, 58, 0
592, 58, 0
438, 59, 0
442, 59, 0
438, 59, 0
434, 60, 0
438, 60, 0
454, 60, 0
439, 61, 0
439, 61, 0
441, 61, 0
439, 62, 0
439, 62, 0
439, 63, 0
445, 63, 0
438, 63, 0
438, 64, 0
499, 64, 0
433, 64, 0
434, 65, 0
431, 65, 0
453, 66, 0
529, 66, 0
431, 66, 0
429, 67, 0
476, 67, 0
427, 67, 0
431, 68, 0
454, 68, 0
431, 69, 0
515, 69, 0
421, 69, 0
440, 70, 0
422, 70, 0
416, 70, 0
428, 71, 0
409, 71, 0
409, 72, 0
507, 72, 0
405, 72, 0
405, 73, 0
405, 73, 0
391, 73, 0
390, 74, 0
390, 74, 0
390, 75, 0
522, 75, 0
370, 75, 0
371, 76, 0
283, 76, 0
261, 76, 0
261, 77, 0
81, 77, 0
80, 78, 0
80, 78, 0
64, 78, 0
64, 79, 0
63, 79, 0
65, 79, 0
56, 80, 0
56, 80, 0
56, 80, 0
80, 81, 0
80, 81, 0
85, 81, 0
64, 82, 0
64, 82, 0
83, 82, 0
63, 83, 0
64, 83, 0
127, 83, 0
64, 84, 0
77, 84, 0
95, 84, 0
76, 85, 0
123, 85, 0
75, 86, 0
68, 86, 0
68, 86, 0
52, 87, 0
51, 87, 0
51, 87, 0
72, 88, 0
72, 88, 0
72, 88, 0
79, 89, 0
64, 89, 0
64, 89, 0
69, 90, 0
119, 90, 0
68, 90, 0
79, 89, 0
68, 89, 0
64, 89, 0
71, 88, 0
64, 88, 0
61, 88, 0
60, 87, 0
60, 87, 0
60, 87, 0
56, 86, 0
80, 86, 0
68, 86, 0
64, 85, 0
63, 85, 0
64, 84, 0
72, 84, 0
72, 84, 0
73, 83, 0
72, 83, 0
56, 83, 0
57, 82, 0
56, 82, 0
84, 82, 0
87, 81, 0
120, 81, 0
84, 81, 0
57, 80, 0
56, 80, 0
55, 80, 0
80, 79, 0
80, 79, 0
136, 79, 0
60, 78, 0
60, 78, 0
60, 78, 0
62, 77, 0
80, 77, 0
84, 77, 0
87, 76, 0
52, 76, 0
52, 75, 0
60, 75, 0
51, 75, 0
82, 75, 0
95, 74, 0
83, 74, 0
77, 73, 0
80, 73, 0
76, 73, 0
76, 72, 0
88, 72, 0
76, 72, 0
79, 71, 0
85, 71, 0
84, 71, 0
84, 70, 0
261, 70, 0
368, 70, 0
261, 69, 0
261, 69, 0
371, 69, 0
371, 68, 0
372, 68, 0
396, 67, 0
397, 67, 0
554, 67, 0
438, 66, 0
416, 66, 0
416, 66, 0
413, 65, 0
411, 65, 0
412, 64, 0
417, 64, 0
602, 64, 0
416, 63, 0
416, 63, 0
418, 63, 0
414, 62, 0
417, 62, 0
427, 61, 0
449, 61, 0
577, 61, 0
427, 60, 0
429, 60, 0
424, 60, 0
431, 59, 0
431, 59, 0
439, 58, 0
423, 58, 0
558, 58, 0
424, 57, 0
438, 57, 0
438, 57, 0
438, 56, 0
442, 56, 0
438, 55, 0
438, 55, 0
555, 55, 0
451, 54, 0
439, 54, 0
439, 54, 0
451, 53, 0
449, 53, 0
442, 52, 0
451, 52, 0
466, 52, 0
449, 51, 0
446, 51, 0
450, 51, 0
446, 50, 0
465, 50, 0
457, 49, 0
477, 49, 0
522, 49, 0
461, 48, 0
464, 48, 0
458, 48, 0
457, 47, 0
564, 47, 0
458, 46, 0
457, 46, 0
501, 46, 0
457, 45, 0
454, 45, 0
453, 45, 0
454, 44, 0
585, 44, 0
457, 43, 0
457, 43, 0
483, 43, 0
461, 42, 0
460, 42, 0
458, 42, 0
474, 41, 0
564, 41, 0
458, 40, 0
461, 40, 0
456, 40, 0
461, 39, 0
461, 39, 0
480, 39, 0
465, 38, 0
575, 38, 0
468, 37, 0
464, 37, 0
461, 37, 0
462, 36, 0
481, 36, 0
464, 36, 0
464, 35, 0
636, 35, 0
464, 34, 0
464, 34, 0
465, 34, 0
481, 33, 0
464, 33, 0
464, 33, 0
465, 32, 0
647, 32, 0
464, 31, 0
465, 31, 0
481, 31, 0
464, 30, 0
465, 30, 0
469, 30, 0
464, 29, 0
647, 29, 0
465, 28, 0
483, 28, 0
464, 28, 0
464, 27, 0
469, 27, 0
464, 27, 0
453, 26, 0
633, 26, 0
474, 25, 0
454, 25, 0
453, 25, 0
456, 24, 0
461, 24, 0
460, 24, 0
461, 23, 0
639, 23, 0
457, 22, 0
457, 22, 0
457, 22, 0
456, 21, 0
457, 21, 0
457, 21, 0
480, 20, 0
638, 20, 0
457, 19, 0
456, 19, 0
452, 19, 0
453, 18, 0
454, 18, 0
468, 18, 0
453, 17, 0
643, 17, 0
462, 16, 0
468, 16, 0
457, 16, 0
457, 15, 0
467, 15, 0
443, 15, 0
442, 14, 0
615, 14, 0
443, 13, 0
446, 13, 0
446, 13, 0
446, 12, 0
439, 12, 0
439, 12, 0
440, 11, 0
605, 11, 0
438, 11, 0
438, 10, 0
447, 10, 0
434, 9, 0
540, 9, 0
435, 9, 0
434, 8, 0
434, 8, 0
434, 8, 0
427, 7, 0
427, 7, 0
552, 7, 0
420, 6, 0
420, 6, 0
439, 6, 0
420, 5, 0
406, 5, 0
418, 5, 0
501, 4, 0
421, 4, 0
417, 4, 0
419, 3, 0
439, 3, 0
438, 3, 0
439, 2, 0
543, 2, 0
461, 1, 0
461, 1, 0
463, 1, 0
476, 0, 1
475, 0, 1
479, 0, 1
476, 1, 1
490, 1, 1
496, 1, 1
489, 2, 1
505, 2, 1
513, 2, 1
504, 3, 1
620, 3, 1
536, 3, 1
511, 4, 1
512, 4, 1
536, 4, 1
519, 5, 1
511, 5, 1
509, 5, 1
508, 6, 1
509, 6, 1
531, 6, 1
493, 7, 1
493, 7, 1
514, 7, 1
475, 8, 1
475, 8, 1
493, 8, 1
475, 9, 1
461, 9, 1
479, 9, 1
460, 10, 1
435, 10, 1
458, 11, 1
434, 11, 1
512, 11, 1
417, 12, 1
427, 12, 1
424, 12, 1
423, 13, 1
428, 13, 1
423, 14, 1
434, 14, 1
435, 14, 1
434, 15, 1
439, 15, 1
439, 15, 1
440, 16, 1
442, 16, 1
442, 17, 1
443, 17, 1
472, 17, 1
449, 18, 1
450, 18, 1
454, 18, 1
451, 19, 1
453, 19, 1
458, 20, 1
465, 20, 1
457, 20, 1
457, 21, 1
458, 21, 1
477, 21, 1
457, 22, 1
461, 22, 1
463, 23, 1
461, 23, 1
540, 23, 1
461, 24, 1
484, 24, 1
464, 24, 1
464, 25, 1
466, 25, 1
464, 26, 1
464, 26, 1
465, 26, 1
468, 27, 1
468, 27, 1
467, 27, 1
468, 28, 1
484, 28, 1
467, 29, 1
469, 29, 1
471, 29, 1
467, 30, 1
468, 30, 1
472, 30, 1
493, 31, 1
475, 31, 1
471, 32, 1
473, 32, 1
470, 32, 1
475, 33, 1
475, 33, 1
483, 33, 1
475, 34, 1
484, 34, 1
476, 35, 1
476, 35, 1
475, 35, 1
474, 36, 1
475, 36, 1
475, 36, 1
474, 37, 1
580, 37, 1
497, 38, 1
475, 38, 1
475, 38, 1
477, 39, 1
474, 39, 1
474, 39, 1
475, 40, 1
483, 40, 1
475, 41, 1
475, 41, 1
476, 41, 1
495, 42, 1
475, 42, 1
475, 42, 1
477, 43, 1
476, 43, 1
475, 44, 1
475, 44, 1
472, 44, 1
471, 45, 1
471, 45, 1
472, 45, 1
470, 46, 1
471, 46, 1
471, 47, 1
479, 47, 1
471, 47, 1
471, 48, 1
472, 48, 1
492, 48, 1
471, 49, 1
472, 49, 1
474, 50, 1
470, 50, 1
468, 50, 1
468, 51, 1
478, 51, 1
468, 51, 1
468, 52, 1
570, 52, 1
464, 53, 1
464, 53, 1
464, 53, 1
465, 54, 1
464, 54, 1
464, 54, 1
464, 55, 1
572, 55, 1
460, 56, 1
460, 56, 1
463, 56, 1
460, 57, 1
460, 57, 1
458, 57, 1
465, 58, 1
545, 58, 1
454, 59, 1
455, 59, 1
470, 59, 1
454, 60, 1
453, 60, 1
457, 60, 1
450, 61, 1
449, 61, 1
450, 62, 1
447, 62, 1
446, 62, 1
446, 63, 1
447, 63, 1
444, 63, 1
446, 64, 1
492, 64, 1
451, 65, 1
442, 65, 1
442, 65, 1
440, 66, 1
459, 66, 1
439, 66, 1
439, 67, 1
454, 67, 1
436, 67, 1
439, 68, 1
439, 68, 1
456, 69, 1
441, 69, 1
434, 69, 1
435, 70, 1
431, 70, 1
431, 71, 1
431, 71, 1
431, 71, 1
423, 72, 1
423, 72, 1
423, 72, 1
436, 73, 1
416, 73, 1
416, 73, 1
411, 74, 1
406, 74, 1
409, 75, 1
492, 75, 1
408, 75, 1
401, 76, 1
375, 76, 1
375, 76, 1
389, 77, 1
154, 77, 1
153, 78, 1
203, 78, 1
77, 78, 1
76, 79, 1
77, 79, 1
68, 79, 1
68, 80, 1
69, 80, 1
68, 80, 1
77, 81, 1
78, 81, 1
76, 81, 1
76, 82, 1
64, 82, 1
68, 82, 1
69, 83, 1
73, 83, 1
72, 84, 1
72, 84, 1
76, 84, 1
76, 85, 1
76, 85, 1
78, 85, 1
69, 86, 1
68, 86, 1
70, 86, 1
68, 87, 1
68, 87, 1
70, 87, 1
68, 88, 1
68, 88, 1
71, 88, 1
68, 89, 1
77, 89, 1
82, 89, 1
76, 90, 1
76, 90, 1
65, 90, 1
60, 89, 1
60, 89, 1
64, 89, 1
63, 88, 1
64, 88, 1
77, 88, 1
76, 87, 1
76, 87, 1
80, 87, 1
64, 86, 1
64, 86, 1
70, 86, 1
60, 85, 1
60, 85, 1
67, 84, 1
60, 84, 1
72, 84, 1
170, 83, 1
72, 83, 1
60, 83, 1
63, 82, 1
60, 82, 1
60, 82, 1
73, 81, 1
68, 81, 1
68, 81, 1
60, 80, 1
60, 80, 1
60, 80, 1
68, 79, 1
68, 79, 1
98, 79, 1
71, 78, 1
68, 78, 1
68, 78, 1
73, 77, 1
68, 77, 1
68, 77, 1
107, 76, 1
68, 76, 1
72, 75, 1
75, 75, 1
72, 75, 1
96, 74, 1
103, 74, 1
100, 74, 1
280, 73, 1
280, 73, 1
372, 73, 1
364, 72, 1
363, 72, 1
365, 72, 1
363, 71, 1
405, 71, 1
405, 70, 1
411, 70, 1
507, 70, 1
416, 69, 1
417, 69, 1
444, 69, 1
427, 68, 1
427, 68, 1
435, 67, 1
433, 67, 1
527, 67, 1
439, 66, 1
461, 66, 1
438, 66, 1
443, 65, 1
444, 65, 1
457, 64, 1
443, 64, 1
533, 64, 1
446, 63, 1
442, 63, 1
446, 63, 1
446, 62, 1
468, 62, 1
450, 61, 1
449, 61, 1
545, 61, 1
452, 60, 1
453, 60, 1
453, 60, 1
454, 59, 1
453, 59, 1
453, 58, 1
457, 58, 1
475, 58, 1
457, 57, 1
461, 57, 1
463, 57, 1
460, 56, 1
461, 56, 1
465, 55, 1
487, 55, 1
464, 55, 1
468, 54, 1
469, 54, 1
483, 54, 1
467, 53, 1
468, 53, 1
471, 52, 1
472, 52, 1
471, 52, 1
472, 51, 1
475, 51, 1
475, 51, 1
475, 50, 1
477, 50, 1
474, 49, 1
475, 49, 1
518, 49, 1
483, 48, 1
475, 48, 1
475, 48, 1
479, 47, 1
503, 47, 1
478, 46, 1
478, 46, 1
496, 46, 1
477, 45, 1
482, 45, 1
482, 45, 1
491, 44, 1
489, 44, 1
482, 43, 1
483, 43, 1
483, 43, 1
482, 42, 1
482, 42, 1
486, 42, 1
486, 41, 1
496, 41, 1
486, 40, 1
508, 40, 1
485, 40, 1
486, 39, 1
487, 39, 1
497, 39, 1
485, 38, 1
590, 38, 1
491, 37, 1
485, 37, 1
486, 37, 1
486, 36, 1
508, 36, 1
486, 36, 1
485, 35, 1
596, 35, 1
486, 34, 1
486, 34, 1
486, 34, 1
486, 33, 1
486, 33, 1
485, 33, 1
486, 32, 1
609, 32, 1
485, 31, 1
486, 31, 1
492, 31, 1
489, 30, 1
489, 30, 1
486, 30, 1
509, 29, 1
593, 29, 1
486, 28, 1
487, 28, 1
501, 28, 1
486, 27, 1
486, 27, 1
490, 27, 1
486, 26, 1
588, 26, 1
486, 25, 1
486, 25, 1
486, 25, 1
485, 24, 1
486, 24, 1
485, 24, 1
485, 23, 1
575, 23, 1
495, 22, 1
482, 22, 1
481, 22, 1
483, 21, 1
499, 21, 1
482, 21, 1
479, 20, 1
588, 20, 1
478, 19, 1
479, 19, 1
479, 19, 1
502, 18, 1
476, 18, 1
475, 18, 1
476, 17, 1
577, 17, 1
475, 16, 1
475, 16, 1
472, 16, 1
471, 15, 1
471, 15, 1
472, 15, 1
489, 14, 1
551, 14, 1
467, 13, 1
470, 13, 1
466, 13, 1
467, 12, 1
465, 12, 1
472, 12, 1
464, 11, 1
553, 11, 1
458, 10, 1
477, 10, 1
454, 10, 1
453, 9, 1
552, 9, 1
450, 9, 1
450, 8, 1
456, 8, 1
449, 8, 1
447, 7, 1
454, 7, 1
467, 7, 1
443, 6, 1
453, 6, 1
442, 6, 1
443, 5, 1
442, 5, 1
434, 5, 1
445, 4, 1
431, 4, 1
431, 4, 1
431, 3, 1
431, 3, 1
453, 3, 1
453, 2, 1
474, 2, 1
479, 1, 1
478, 1, 1
502, 1, 1
493, 0, 2
493, 0, 2
515, 0, 2
596, 1, 2
512, 1, 2
533, 1, 2
511, 2, 2
512, 2, 2
531, 2, 2
511, 3, 2
515, 3, 2
534, 3, 2
515, 4, 2
515, 4, 2
512, 4, 2
511, 5, 2
512, 5, 2
514, 5, 2
508, 6, 2
508, 6, 2
525, 6, 2
493, 7, 2
494, 7, 2
509, 7, 2
465, 8, 2
465, 8, 2
476, 9, 2
464, 9, 2
465, 9, 2
477, 10, 2
464, 10, 2
472, 10, 2
475, 11, 2
471, 11, 2
475, 11, 2
475, 12, 2
497, 12, 2
483, 13, 2
482, 13, 2
483, 13, 2
482, 14, 2
485, 14, 2
486, 14, 2
489, 15, 2
493, 15, 2
493, 15, 2
493, 16, 2
516, 16, 2
492, 17, 2
493, 17, 2
610, 17, 2
492, 18, 2
493, 18, 2
498, 19, 2
504, 19, 2
497, 19, 2
501, 20, 2
502, 20, 2
523, 20, 2
505, 21, 2
504, 21, 2
506, 21, 2
505, 22, 2
504, 22, 2
504, 23, 2
509, 23, 2
508, 23, 2
508, 24, 2
508, 24, 2
528, 24, 2
508, 25, 2
508, 25, 2
515, 26, 2
511, 26, 2
619, 26, 2
512, 27, 2
520, 27, 2
511, 27, 2
516, 28, 2
516, 28, 2
537, 29, 2
512, 29, 2
512, 29, 2
514, 30, 2
512, 30, 2
515, 30, 2
515, 31, 2
521, 31, 2
515, 32, 2
515, 32, 2
613, 32, 2
534, 33, 2
515, 33, 2
515, 33, 2
519, 34, 2
515, 34, 2
515, 35, 2
516, 35, 2
524, 35, 2
515, 36, 2
519, 36, 2
520, 36, 2
539, 37, 2
519, 37, 2
519, 38, 2
521, 38, 2
519, 38, 2
515, 39, 2
515, 39, 2
523, 39, 2
515, 40, 2
516, 40, 2
516, 41, 2
538, 41, 2
518, 41, 2
519, 42, 2
518, 42, 2
515, 42, 2
515, 43, 2
520, 43, 2
526, 44, 2
515, 44, 2
518, 44, 2
516, 45, 2
537, 45, 2
516, 45, 2
515, 46, 2
518, 46, 2
515, 47, 2
515, 47, 2
516, 47, 2
523, 48, 2
516, 48, 2
515, 48, 2
516, 49, 2
636, 49, 2
511, 50, 2
511, 50, 2
515, 50, 2
511, 51, 2
511, 51, 2
512, 51, 2
524, 52, 2
621, 52, 2
512, 53, 2
513, 53, 2
533, 53, 2
509, 54, 2
508, 54, 2
510, 54, 2
508, 55, 2
616, 55, 2
508, 56, 2
517, 56, 2
504, 56, 2
504, 57, 2
505, 57, 2
523, 57, 2
504, 58, 2
611, 58, 2
504, 59, 2
501, 59, 2
501, 59, 2
502, 60, 2
516, 60, 2
501, 60, 2
498, 61, 2
601, 61, 2
517, 62, 2
498, 62, 2
497, 62, 2
500, 63, 2
498, 63, 2
497, 63, 2
498, 64, 2
592, 64, 2
493, 65, 2
492, 65, 2
493, 65, 2
503, 66, 2
486, 66, 2
485, 66, 2
485, 67, 2
586, 67, 2
482, 68, 2
482, 68, 2
492, 68, 2
482, 69, 2
479, 69, 2
479, 69, 2
499, 70, 2
574, 70, 2
479, 71, 2
480, 71, 2
479, 71, 2
475, 72, 2
475, 72, 2
480, 72, 2
471, 73, 2
538, 73, 2
471, 74, 2
484, 74, 2
464, 74, 2
464, 75, 2
463, 75, 2
459, 75, 2
460, 76, 2
510, 76, 2
463, 77, 2
457, 77, 2
454, 77, 2
454, 78, 2
478, 78, 2
447, 78, 2
446, 79, 2
469, 79, 2
446, 80, 2
439, 80, 2
439, 80, 2
442, 81, 2
425, 81, 2
419, 81, 2
419, 82, 2
338, 82, 2
318, 83, 2
318, 83, 2
151, 83, 2
148, 84, 2
149, 84, 2
77, 84, 2
85, 85, 2
76, 85, 2
72, 85, 2
101, 86, 2
72, 86, 2
72, 87, 2
71, 87, 2
68, 87, 2
68, 88, 2
76, 88, 2
108, 88, 2
76, 89, 2
77, 89, 2
64, 89, 2
63, 90, 2
64, 90, 2
64, 90, 2
64, 89, 2
64, 89, 2
68, 89, 2
68, 88, 2
69, 88, 2
64, 88, 2
73, 87, 2
74, 87, 2
64, 87, 2
64, 86, 2
65, 86, 2
56, 86, 2
63, 85, 2
61, 85, 2
50, 85, 2
59, 84, 2
64, 84, 2
64, 84, 2
63, 83, 2
56, 83, 2
64, 82, 2
68, 82, 2
68, 82, 2
64, 81, 2
63, 81, 2
64, 81, 2
68, 80, 2
68, 80, 2
69, 80, 2
56, 79, 2
80, 79, 2
81, 79, 2
68, 78, 2
224, 78, 2
206, 78, 2
226, 77, 2
206, 77, 2
387, 77, 2
391, 76, 2
386, 76, 2
427, 75, 2
442, 75, 2
429, 75, 2
438, 74, 2
439, 74, 2
439, 74, 2
490, 73, 2
449, 73, 2
449, 72, 2
450, 72, 2
466, 72, 2
450, 71, 2
458, 71, 2
460, 71, 2
456, 70, 2
461, 70, 2
461, 69, 2
469, 69, 2
461, 69, 2
464, 68, 2
465, 68, 2
464, 68, 2
471, 67, 2
471, 67, 2
473, 66, 2
474, 66, 2
474, 66, 2
475, 65, 2
485, 65, 2
475, 65, 2
579, 64, 2
479, 64, 2
496, 63, 2
478, 63, 2
483, 63, 2
485, 62, 2
481, 62, 2
482, 62, 2
482, 61, 2
490, 61, 2
482, 60, 2
485, 60, 2
486, 60, 2
486, 59, 2
489, 59, 2
489, 59, 2
597, 58, 2
493, 58, 2
493, 57, 2
493, 57, 2
504, 57, 2
493, 56, 2
492, 56, 2
498, 56, 2
516, 55, 2
497, 55, 2
502, 54, 2
503, 54, 2
500, 54, 2
501, 53, 2
501, 53, 2
510, 53, 2
609, 52, 2
504, 52, 2
505, 51, 2
504, 51, 2
508, 51, 2
508, 50, 2
509, 50, 2
508, 50, 2
508, 49, 2
508, 49, 2
517, 48, 2
508, 48, 2
508, 48, 2
509, 47, 2
530, 47, 2
508, 47, 2
616, 46, 2
513, 46, 2
523, 45, 2
512, 45, 2
512, 45, 2
516, 44, 2
512, 44, 2
511, 44, 2
512, 43, 2
512, 43, 2
515, 42, 2
515, 42, 2
516, 42, 2
565, 41, 2
515, 41, 2
515, 41, 2
624, 40, 2
515, 40, 2
515, 39, 2
516, 39, 2
538, 39, 2
515, 38, 2
516, 38, 2
517, 38, 2
643, 37, 2
516, 37, 2
515, 36, 2
520, 36, 2
516, 36, 2
515, 35, 2
515, 35, 2
515, 35, 2
608, 34, 2
515, 34, 2
516, 33, 2
528, 33, 2
515, 33, 2
516, 32, 2
520, 32, 2
515, 32, 2
515, 31, 2
519, 31, 2
542, 30, 2
518, 30, 2
516, 30, 2
518, 29, 2
533, 29, 2
516, 29, 2
571, 28, 2
519, 28, 2
517, 27, 2
515, 27, 2
515, 27, 2
517, 26, 2
515, 26, 2
515, 26, 2
549, 25, 2
529, 25, 2
515, 24, 2
515, 24, 2
520, 24, 2
515, 23, 2
515, 23, 2
512, 23, 2
527, 22, 2
512, 22, 2
512, 21, 2
513, 21, 2
532, 21, 2
528, 20, 2
512, 20, 2
514, 20, 2
512, 19, 2
508, 19, 2
508, 18, 2
508, 18, 2
508, 18, 2
508, 17, 2
508, 17, 2
524, 17, 2
504, 16, 2
504, 16, 2
507, 15, 2
504, 15, 2
504, 15, 2
605, 14, 2
509, 14, 2
501, 14, 2
498, 13, 2
498, 13, 2
519, 12, 2
498, 12, 2
497, 12, 2
499, 11, 2
498, 11, 2
493, 11, 2
493, 10, 2
493, 10, 2
489, 10, 2
489, 9, 2
490, 9, 2
486, 8, 2
485, 8, 2
490, 8, 2
483, 7, 2
482, 7, 2
483, 7, 2
481, 6, 2
479, 6, 2
480, 6, 2
480, 5, 2
479, 5, 2
480, 5, 2
478, 4, 2
479, 4, 2
473, 4, 2
470, 3, 2
473, 3, 2
465, 3, 2
464, 2, 2
464, 2, 2
461, 2, 2
468, 1, 2
460, 1, 2
462, 1, 2
478, 0, 3
478, 0, 3
479, 0, 3
505, 1, 3
504, 1, 3
506, 2, 3
504, 2, 3
508, 2, 3
510, 3, 3
507, 3, 3
512, 3, 3
513, 4, 3
512, 4, 3
512, 4, 3
510, 5, 3
507, 5, 3
507, 5, 3
509, 6, 3
553, 6, 3
508, 6, 3
509, 7, 3
501, 7, 3
500, 7, 3
502, 8, 3
474, 8, 3
475, 8, 3
475, 9, 3
475, 9, 3
474, 9, 3
475, 10, 3
475, 10, 3
482, 10, 3
482, 11, 3
483, 11, 3
485, 12, 3
579, 12, 3
485, 12, 3
502, 13, 3
492, 13, 3
493, 13, 3
498, 14, 3
519, 14, 3
497, 15, 3
596, 15, 3
502, 15, 3
513, 16, 3
501, 16, 3
501, 16, 3
505, 17, 3
501, 17, 3
504, 18, 3
573, 18, 3
504, 18, 3
505, 19, 3
504, 19, 3
505, 19, 3
524, 20, 3
508, 20, 3
508, 21, 3
559, 21, 3
512, 21, 3
511, 22, 3
513, 22, 3
526, 22, 3
512, 23, 3
516, 23, 3
516, 24, 3
537, 24, 3
516, 24, 3
515, 25, 3
517, 25, 3
515, 25, 3
518, 26, 3
519, 26, 3
518, 27, 3
519, 27, 3
518, 27, 3
519, 28, 3
540, 28, 3
518, 28, 3
518, 29, 3
521, 29, 3
519, 30, 3
519, 30, 3
523, 30, 3
527, 31, 3
522, 31, 3
523, 31, 3
629, 32, 3
546, 32, 3
523, 33, 3
522, 33, 3
523, 33, 3
523, 34, 3
522, 34, 3
522, 34, 3
523, 35, 3
522, 35, 3
522, 36, 3
522, 36, 3
546, 36, 3
522, 37, 3
522, 37, 3
524, 37, 3
542, 38, 3
522, 38, 3
523, 39, 3
524, 39, 3
522, 39, 3
523, 40, 3
522, 40, 3
528, 40, 3
523, 41, 3
522, 41, 3
523, 42, 3
523, 42, 3
522, 42, 3
522, 43, 3
522, 43, 3
523, 43, 3
522, 44, 3
522, 44, 3
527, 45, 3
522, 45, 3
522, 45, 3
523, 46, 3
546, 46, 3
522, 46, 3
652, 47, 3
524, 47, 3
543, 48, 3
519, 48, 3
518, 48, 3
522, 49, 3
519, 49, 3
518, 49, 3
519, 50, 3
519, 50, 3
519, 51, 3
518, 51, 3
518, 51, 3
540, 52, 3
519, 52, 3
519, 52, 3
517, 53, 3
515, 53, 3
515, 54, 3
516, 54, 3
521, 54, 3
515, 55, 3
516, 55, 3
516, 55, 3
539, 56, 3
512, 56, 3
511, 57, 3
513, 57, 3
512, 57, 3
511, 58, 3
512, 58, 3
512, 58, 3
511, 59, 3
511, 59, 3
512, 60, 3
532, 60, 3
508, 60, 3
515, 61, 3
509, 61, 3
528, 61, 3
508, 62, 3
508, 62, 3
511, 63, 3
507, 63, 3
505, 63, 3
504, 64, 3
509, 64, 3
501, 64, 3
501, 65, 3
501, 65, 3
498, 66, 3
497, 66, 3
497, 66, 3
498, 67, 3
507, 67, 3
493, 67, 3
493, 68, 3
497, 68, 3
492, 69, 3
492, 69, 3
490, 69, 3
500, 70, 3
489, 70, 3
486, 70, 3
486, 71, 3
508, 71, 3
487, 72, 3
485, 72, 3
487, 72, 3
479, 73, 3
478, 73, 3
479, 73, 3
476, 74, 3
475, 74, 3
475, 75, 3
472, 75, 3
494, 75, 3
471, 76, 3
471, 76, 3
469, 76, 3
488, 77, 3
468, 77, 3
461, 78, 3
463, 78, 3
459, 78, 3
457, 79, 3
457, 79, 3
463, 79, 3
457, 80, 3
453, 80, 3
454, 81, 3
450, 81, 3
450, 81, 3
450, 82, 3
424, 82, 3
421, 82, 3
423, 83, 3
276, 83, 3
280, 84, 3
276, 84, 3
276, 84, 3
88, 85, 3
99, 85, 3
88, 85, 3
72, 86, 3
79, 86, 3
72, 86, 3
56, 87, 3
108, 87, 3
55, 87, 3
56, 88, 3
89, 88, 3
80, 88, 3
80, 89, 3
72, 89, 3
100, 89, 3
72, 90, 3
68, 90, 3
68, 90, 3
68, 89, 3
68, 89, 3
72, 88, 3
72, 88, 3
73, 88, 3
60, 87, 3
60, 87, 3
61, 87, 3
48, 86, 3
68, 86, 3
69, 86, 3
64, 85, 3
68, 85, 3
69, 85, 3
64, 84, 3
73, 84, 3
65, 84, 3
52, 83, 3
63, 83, 3
64, 83, 3
52, 82, 3
63, 82, 3
64, 82, 3
52, 81, 3
64, 81, 3
63, 81, 3
76, 80, 3
88, 80, 3
88, 80, 3
142, 79, 3
116, 79, 3
116, 78, 3
303, 78, 3
300, 78, 3
303, 77, 3
303, 77, 3
448, 77, 3
438, 76, 3
438, 76, 3
451, 75, 3
471, 75, 3
449, 75, 3
455, 74, 3
455, 74, 3
466, 74, 3
461, 73, 3
460, 73, 3
464, 72, 3
465, 72, 3
464, 72, 3
468, 71, 3
465, 71, 3
464, 71, 3
482, 70, 3
472, 70, 3
486, 69, 3
471, 69, 3
471, 69, 3
478, 68, 3
474, 68, 3
474, 68, 3
483, 67, 3
491, 67, 3
482, 66, 3
486, 66, 3
486, 66, 3
508, 65, 3
490, 65, 3
489, 65, 3
491, 64, 3
490, 64, 3
489, 63, 3
490, 63, 3
494, 63, 3
568, 62, 3
492, 62, 3
498, 62, 3
521, 61, 3
497, 61, 3
498, 60, 3
499, 60, 3
513, 60, 3
497, 59, 3
501, 59, 3
504, 59, 3
500, 58, 3
501, 58, 3
501, 57, 3
509, 57, 3
509, 57, 3
612, 56, 3
509, 56, 3
509, 56, 3
508, 55, 3
508, 55, 3
512, 54, 3
511, 54, 3
511, 54, 3
623, 53, 3
519, 53, 3
515, 53, 3
515, 52, 3
516, 52, 3
540, 51, 3
515, 51, 3
515, 51, 3
620, 50, 3
536, 50, 3
515, 50, 3
515, 49, 3
517, 49, 3
516, 48, 3
515, 48, 3
515, 48, 3
520, 47, 3
519, 47, 3
519, 47, 3
519, 46, 3
541, 46, 3
519, 45, 3
519, 45, 3
521, 45, 3
637, 44, 3
519, 44, 3
519, 44, 3
523, 43, 3
518, 43, 3
523, 42, 3
523, 42, 3
534, 42, 3
631, 41, 3
522, 41, 3
523, 41, 3
541, 40, 3
522, 40, 3
522, 39, 3
523, 39, 3
522, 39, 3
522, 38, 3
523, 38, 3
532, 38, 3
522, 37, 3
523, 37, 3
524, 36, 3
544, 36, 3
523, 36, 3
522, 35, 3
524, 35, 3
536, 35, 3
526, 34, 3
526, 34, 3
530, 34, 3
523, 33, 3
522, 33, 3
620, 32, 3
546, 32, 3
523, 32, 3
522, 31, 3
523, 31, 3
538, 30, 3
522, 30, 3
523, 30, 3
620, 29, 3
523, 29, 3
523, 29, 3
523, 28, 3
533, 28, 3
523, 28, 3
522, 27, 3
523, 27, 3
624, 26, 3
522, 26, 3
522, 26, 3
524, 25, 3
523, 25, 3
522, 25, 3
522, 24, 3
530, 24, 3
583, 23, 3
522, 23, 3
519, 23, 3
542, 22, 3
518, 22, 3
521, 22, 3
520, 21, 3
536, 21, 3
519, 20, 3
519, 20, 3
521, 20, 3
519, 19, 3
515, 19, 3
520, 19, 3
523, 18, 3
515, 18, 3
527, 17, 3
515, 17, 3
536, 17, 3
515, 16, 3
515, 16, 3
527, 16, 3
511, 15, 3
511, 15, 3
512, 14, 3
517, 14, 3
511, 14, 3
509, 13, 3
508, 13, 3
624, 13, 3
505, 12, 3
504, 12, 3
506, 11, 3
505, 11, 3
501, 11, 3
501, 10, 3
503, 10, 3
601, 10, 3
497, 9, 3
498, 9, 3
510, 8, 3
497, 8, 3
498, 8, 3
494, 7, 3
493, 7, 3
493, 7, 3
512, 6, 3
489, 6, 3
490, 6, 3
593, 5, 3
483, 5, 3
483, 5, 3
501, 4, 3
482, 4, 3
479, 4, 3
498, 3, 3
559, 3, 3
472, 3, 3
491, 2, 3
471, 2, 3
471, 2, 3
492, 1, 3
471, 1, 3
556, 1, 3
515, 0, 3
493, 0, 4
493, 0, 4
509, 1, 4
508, 1, 4
508, 1, 4
528, 2, 4
515, 2, 4
515, 2, 4
539, 3, 4
519, 3, 4
519, 4, 4
543, 4, 4
612, 4, 4
515, 5, 4
529, 5, 4
515, 5, 4
509, 6, 4
521, 6, 4
508, 6, 4
508, 7, 4
490, 7, 4
482, 7, 4
482, 8, 4
487, 8, 4
478, 8, 4
478, 9, 4
486, 9, 4
486, 9, 4
486, 10, 4
487, 10, 4
489, 10, 4
489, 11, 4
489, 11, 4
497, 12, 4
493, 12, 4
492, 12, 4
498, 13, 4
512, 13, 4
497, 13, 4
502, 14, 4
501, 14, 4
523, 15, 4
505, 15, 4
504, 15, 4
506, 16, 4
509, 16, 4
508, 16, 4
507, 17, 4
508, 17, 4
508, 18, 4
508, 18, 4
508, 18, 4
536, 19, 4
511, 19, 4
511, 19, 4
513, 20, 4
530, 20, 4
511, 21, 4
516, 21, 4
518, 21, 4
515, 22, 4
519, 22, 4
519, 22, 4
523, 23, 4
519, 23, 4
518, 24, 4
519, 24, 4
519, 24, 4
518, 25, 4
519, 25, 4
519, 25, 4
541, 26, 4
522, 26, 4
523, 27, 4
525, 27, 4
523, 27, 4
528, 28, 4
523, 28, 4
531, 28, 4
522, 29, 4
526, 29, 4
527, 30, 4
549, 30, 4
524, 30, 4
522, 31, 4
523, 31, 4
526, 31, 4
525, 32, 4
526, 32, 4
526, 33, 4
526, 33, 4
525, 33, 4
526, 34, 4
550, 34, 4
526, 34, 4
526, 35, 4
527, 35, 4
547, 36, 4
526, 36, 4
526, 36, 4
527, 37, 4
538, 37, 4
530, 37, 4
529, 38, 4
533, 38, 4
527, 39, 4
525, 39, 4
526, 39, 4
636, 40, 4
526, 40, 4
526, 40, 4
527, 41, 4
546, 41, 4
526, 42, 4
526, 42, 4
528, 42, 4
533, 43, 4
526, 43, 4
526, 43, 4
530, 44, 4
526, 44, 4
526, 45, 4
526, 45, 4
537, 45, 4
526, 46, 4
526, 46, 4
527, 46, 4
527, 47, 4
525, 47, 4
525, 48, 4
526, 48, 4
526, 48, 4
526, 49, 4
527, 49, 4
533, 49, 4
525, 50, 4
526, 50, 4
523, 51, 4
546, 51, 4
522, 51, 4
625, 52, 4
523, 52, 4
542, 52, 4
522, 53, 4
522, 53, 4
525, 54, 4
523, 54, 4
522, 54, 4
522, 55, 4
519, 55, 4
518, 55, 4
518, 56, 4
519, 56, 4
543, 57, 4
518, 57, 4
519, 57, 4
520, 58, 4
537, 58, 4
519, 58, 4
515, 59, 4
518, 59, 4
517, 60, 4
511, 60, 4
512, 60, 4
570, 61, 4
508, 61, 4
508, 61, 4
508, 62, 4
531, 62, 4
511, 62, 4
508, 63, 4
505, 63, 4
523, 64, 4
504, 64, 4
505, 64, 4
507, 65, 4
504, 65, 4
505, 66, 4
505, 66, 4
513, 66, 4
505, 67, 4
501, 67, 4
501, 67, 4
501, 68, 4
501, 68, 4
501, 68, 4
502, 69, 4
511, 69, 4
497, 70, 4
497, 70, 4
496, 70, 4
492, 71, 4
493, 71, 4
490, 71, 4
497, 72, 4
489, 72, 4
483, 73, 4
482, 73, 4
506, 73, 4
483, 74, 4
482, 74, 4
585, 74, 4
482, 75, 4
478, 75, 4
479, 76, 4
478, 76, 4
474, 76, 4
474, 77, 4
475, 77, 4
477, 77, 4
467, 78, 4
467, 78, 4
465, 79, 4
487, 79, 4
464, 79, 4
461, 80, 4
462, 80, 4
584, 80, 4
458, 81, 4
457, 81, 4
458, 82, 4
446, 82, 4
446, 82, 4
446, 83, 4
402, 83, 4
401, 83, 4
401, 84, 4
401, 84, 4
157, 85, 4
137, 85, 4
137, 85, 4
89, 86, 4
80, 86, 4
88, 86, 4
60, 87, 4
76, 87, 4
59, 87, 4
72, 88, 4
69, 88, 4
72, 88, 4
72, 89, 4
74, 89, 4
101, 89, 4
72, 90, 4
64, 90, 4
63, 89, 4
63, 89, 4
69, 89, 4
56, 88, 4
56, 88, 4
60, 88, 4
68, 87, 4
68, 87, 4
71, 87, 4
68, 86, 4
72, 86, 4
75, 86, 4
72, 85, 4
52, 85, 4
54, 85, 4
51, 84, 4
64, 84, 4
61, 84, 4
60, 83, 4
60, 83, 4
69, 83, 4
66, 82, 4
68, 82, 4
72, 82, 4
72, 81, 4
72, 81, 4
72, 81, 4
120, 80, 4
124, 80, 4
124, 79, 4
340, 79, 4
333, 79, 4
333, 78, 4
475, 78, 4
412, 78, 4
390, 77, 4
440, 77, 4
440, 76, 4
456, 76, 4
457, 76, 4
457, 75, 4
556, 75, 4
458, 75, 4
461, 74, 4
460, 74, 4
461, 73, 4
468, 73, 4
468, 73, 4
468, 72, 4
585, 72, 4
468, 72, 4
468, 71, 4
473, 71, 4
489, 70, 4
471, 70, 4
479, 70, 4
481, 69, 4
553, 69, 4
479, 69, 4
479, 68, 4
483, 68, 4
486, 67, 4
487, 67, 4
486, 67, 4
486, 66, 4
551, 66, 4
489, 66, 4
489, 65, 4
505, 65, 4
489, 64, 4
491, 64, 4
496, 64, 4
492, 63, 4
493, 63, 4
502, 63, 4
509, 62, 4
501, 62, 4
502, 61, 4
505, 61, 4
524, 61, 4
505, 60, 4
519, 60, 4
505, 60, 4
505, 59, 4
504, 59, 4
504, 58, 4
513, 58, 4
504, 58, 4
504, 57, 4
505, 57, 4
517, 57, 4
508, 56, 4
508, 56, 4
512, 55, 4
566, 55, 4
511, 55, 4
512, 54, 4
513, 54, 4
532, 54, 4
516, 53, 4
515, 53, 4
518, 52, 4
612, 52, 4
518, 52, 4
519, 51, 4
523, 51, 4
522, 51, 4
522, 50, 4
523, 50, 4
546, 50, 4
628, 49, 4
522, 49, 4
523, 48, 4
542, 48, 4
522, 48, 4
522, 47, 4
525, 47, 4
523, 46, 4
633, 46, 4
522, 46, 4
527, 45, 4
527, 45, 4
526, 45, 4
527, 44, 4
526, 44, 4
526, 44, 4
526, 43, 4
526, 43, 4
542, 42, 4
526, 42, 4
527, 42, 4
528, 41, 4
526, 41, 4
526, 41, 4
641, 40, 4
534, 40, 4
525, 39, 4
529, 39, 4
530, 39, 4
553, 38, 4
526, 38, 4
526, 38, 4
627, 37, 4
538, 37, 4
526, 36, 4
526, 36, 4
527, 36, 4
526, 35, 4
525, 35, 4
527, 35, 4
538, 34, 4
526, 34, 4
526, 33, 4
527, 33, 4
548, 33, 4
526, 32, 4
526, 32, 4
527, 32, 4
664, 31, 4
526, 31, 4
526, 30, 4
528, 30, 4
526, 30, 4
526, 29, 4
526, 29, 4
539, 29, 4
631, 28, 4
525, 28, 4
526, 27, 4
548, 27, 4
525, 27, 4
526, 26, 4
527, 26, 4
541, 26, 4
526, 25, 4
526, 25, 4
529, 24, 4
526, 24, 4
526, 24, 4
526, 23, 4
535, 23, 4
522, 23, 4
610, 22, 4
523, 22, 4
544, 21, 4
522, 21, 4
522, 21, 4
525, 20, 4
534, 20, 4
522, 20, 4
614, 19, 4
526, 19, 4
523, 18, 4
519, 18, 4
519, 18, 4
528, 17, 4
519, 17, 4
519, 17, 4
519, 16, 4
519, 16, 4
519, 15, 4
518, 15, 4
520, 15, 4
516, 14, 4
515, 14, 4
515, 14, 4
568, 13, 4
511, 13, 4
512, 12, 4
512, 12, 4
526, 12, 4
514, 11, 4
509, 11, 4
509, 11, 4
561, 10, 4
509, 10, 4
508, 9, 4
513, 9, 4
508, 9, 4
504, 8, 4
508, 8, 4
573, 8, 4
498, 7, 4
501, 7, 4
497, 7, 4
493, 6, 4
495, 6, 4
493, 6, 4
493, 5, 4
492, 5, 4
489, 5, 4
489, 4, 4
483, 4, 4
481, 4, 4
482, 3, 4
491, 3, 4
474, 3, 4
475, 2, 4
476, 2, 4
476, 2, 4
475, 1, 4
476, 1, 4
480, 0, 4
489, 0, 4
490, 0, 5
504, 0, 5
505, 1, 5
505, 1, 5
520, 2, 5
509, 2, 5
508, 2, 5
527, 3, 5
507, 3, 5
512, 3, 5
532, 4, 5
511, 4, 5
515, 4, 5
534, 5, 5
511, 5, 5
511, 5, 5
531, 6, 5
508, 6, 5
508, 6, 5
500, 7, 5
497, 7, 5
497, 7, 5
498, 8, 5
478, 8, 5
478, 8, 5
483, 9, 5
486, 9, 5
485, 9, 5
490, 10, 5
493, 10, 5
493, 11, 5
493, 11, 5
493, 11, 5
497, 12, 5
572, 12, 5
497, 12, 5
521, 13, 5
500, 13, 5
501, 14, 5
506, 14, 5
512, 14, 5
504, 15, 5
563, 15, 5
512, 15, 5
508, 16, 5
512, 16, 5
512, 17, 5
523, 17, 5
512, 17, 5
512, 18, 5
531, 18, 5
516, 18, 5
515, 19, 5
515, 19, 5
516, 20, 5
527, 20, 5
518, 20, 5
519, 21, 5
523, 21, 5
518, 21, 5
518, 22, 5
523, 22, 5
531, 23, 5
603, 23, 5
523, 23, 5
523, 24, 5
546, 24, 5
523, 24, 5
522, 25, 5
523, 25, 5
523, 26, 5
631, 26, 5
522, 26, 5
526, 27, 5
526, 27, 5
525, 27, 5
526, 28, 5
535, 28, 5
526, 28, 5
526, 29, 5
527, 29, 5
548, 30, 5
525, 30, 5
529, 30, 5
531, 31, 5
548, 31, 5
529, 32, 5
634, 32, 5
531, 32, 5
530, 33, 5
529, 33, 5
530, 33, 5
530, 34, 5
529, 34, 5
529, 34, 5
530, 35, 5
553, 35, 5
529, 36, 5
529, 36, 5
531, 36, 5
550, 37, 5
530, 37, 5
529, 37, 5
531, 38, 5
544, 38, 5
529, 39, 5
529, 39, 5
533, 39, 5
529, 40, 5
529, 40, 5
529, 40, 5
554, 41, 5
529, 41, 5
529, 42, 5
530, 42, 5
551, 42, 5
529, 43, 5
530, 43, 5
531, 43, 5
546, 44, 5
529, 44, 5
529, 45, 5
533, 45, 5
529, 45, 5
529, 46, 5
529, 46, 5
535, 46, 5
529, 47, 5
529, 47, 5
530, 48, 5
552, 48, 5
529, 48, 5
529, 49, 5
528, 49, 5
541, 49, 5
525, 50, 5
530, 50, 5
532, 51, 5
529, 51, 5
526, 51, 5
526, 52, 5
532, 52, 5
526, 52, 5
526, 53, 5
527, 53, 5
526, 54, 5
522, 54, 5
522, 54, 5
523, 55, 5
541, 55, 5
522, 55, 5
523, 56, 5
525, 56, 5
522, 57, 5
522, 57, 5
519, 57, 5
523, 58, 5
519, 58, 5
516, 58, 5
516, 59, 5
524, 59, 5
516, 60, 5
515, 60, 5
516, 60, 5
620, 61, 5
515, 61, 5
515, 61, 5
515, 62, 5
532, 62, 5
515, 63, 5
515, 63, 5
514, 63, 5
512, 64, 5
511, 64, 5
508, 64, 5
513, 65, 5
508, 65, 5
505, 66, 5
505, 66, 5
513, 66, 5
505, 67, 5
505, 67, 5
505, 67, 5
505, 68, 5
504, 68, 5
504, 69, 5
501, 69, 5
519, 69, 5
604, 70, 5
501, 70, 5
501, 70, 5
497, 71, 5
497, 71, 5
490, 72, 5
498, 72, 5
489, 72, 5
590, 73, 5
490, 73, 5
512, 73, 5
486, 74, 5
485, 74, 5
487, 75, 5
483, 75, 5
482, 75, 5
482, 76, 5
483, 76, 5
481, 76, 5
482, 77, 5
479, 77, 5
485, 78, 5
478, 78, 5
479, 78, 5
475, 79, 5
498, 79, 5
475, 79, 5
468, 80, 5
468, 80, 5
490, 81, 5
461, 81, 5
460, 81, 5
462, 82, 5
456, 82, 5
457, 82, 5
457, 83, 5
450, 83, 5
449, 84, 5
449, 84, 5
409, 84, 5
417, 85, 5
408, 85, 5
141, 85, 5
142, 86, 5
159, 86, 5
89, 87, 5
88, 87, 5
91, 87, 5
88, 88, 5
68, 88, 5
69, 88, 5
68, 89, 5
60, 89, 5
61, 89, 5
58, 90, 5
60, 90, 5
69, 90, 5
56, 89, 5
67, 89, 5
60, 89, 5
48, 88, 5
60, 88, 5
60, 88, 5
50, 87, 5
64, 87, 5
64, 87, 5
73, 86, 5
72, 86, 5
72, 86, 5
60, 85, 5
60, 85, 5
59, 85, 5
79, 84, 5
60, 84, 5
60, 84, 5
71, 83, 5
64, 83, 5
63, 82, 5
70, 82, 5
63, 82, 5
88, 81, 5
93, 81, 5
88, 81, 5
185, 80, 5
186, 80, 5
186, 80, 5
367, 79, 5
367, 79, 5
369, 79, 5
367, 78, 5
438, 78, 5
438, 77, 5
438, 77, 5
457, 77, 5
457, 76, 5
457, 76, 5
486, 76, 5
464, 75, 5
464, 75, 5
470, 74, 5
480, 74, 5
467, 74, 5
475, 73, 5
477, 73, 5
474, 73, 5
479, 72, 5
479, 72, 5
483, 71, 5
479, 71, 5
580, 71, 5
479, 70, 5
479, 70, 5
482, 70, 5
482, 69, 5
482, 69, 5
502, 68, 5
486, 68, 5
485, 68, 5
496, 67, 5
492, 67, 5
493, 67, 5
493, 66, 5
497, 66, 5
493, 65, 5
498, 65, 5
497, 65, 5
507, 64, 5
502, 64, 5
501, 64, 5
502, 63, 5
505, 63, 5
504, 62, 5
504, 62, 5
505, 62, 5
517, 61, 5
504, 61, 5
505, 61, 5
511, 60, 5
508, 60, 5
508, 59, 5
512, 59, 5
518, 59, 5
511, 58, 5
515, 58, 5
515, 58, 5
538, 57, 5
516, 57, 5
515, 56, 5
516, 56, 5
516, 56, 5
515, 55, 5
515, 55, 5
516, 55, 5
515, 54, 5
515, 54, 5
519, 53, 5
523, 53, 5
519, 53, 5
519, 52, 5
519, 52, 5
528, 52, 5
518, 51, 5
523, 51, 5
523, 50, 5
546, 50, 5
627, 50, 5
522, 49, 5
523, 49, 5
538, 49, 5
526, 48, 5
526, 48, 5
527, 47, 5
527, 47, 5
615, 47, 5
526, 46, 5
535, 46, 5
526, 46, 5
526, 45, 5
527, 45, 5
549, 44, 5
526, 44, 5
629, 44, 5
530, 43, 5
550, 43, 5
529, 43, 5
529, 42, 5
531, 42, 5
530, 41, 5
529, 41, 5
622, 41, 5
538, 40, 5
529, 40, 5
529, 40, 5
533, 39, 5
557, 39, 5
532, 38, 5
530, 38, 5
612, 38, 5
550, 37, 5
530, 37, 5
529, 37, 5
531, 36, 5
530, 36, 5
529, 35, 5
529, 35, 5
593, 35, 5
533, 34, 5
533, 34, 5
533, 34, 5
558, 33, 5
534, 33, 5
533, 33, 5
534, 32, 5
607, 32, 5
532, 31, 5
530, 31, 5
531, 31, 5
546, 30, 5
537, 30, 5
533, 29, 5
535, 29, 5
543, 29, 5
529, 28, 5
529, 28, 5
530, 28, 5
529, 27, 5
538, 27, 5
530, 27, 5
553, 26, 5
529, 26, 5
529, 25, 5
531, 25, 5
550, 25, 5
529, 24, 5
559, 24, 5
531, 24, 5
542, 23, 5
530, 23, 5
529, 22, 5
533, 22, 5
526, 22, 5
526, 21, 5
615, 21, 5
526, 21, 5
526, 20, 5
526, 20, 5
526, 19, 5
547, 19, 5
525, 19, 5
526, 18, 5
634, 18, 5
537, 18, 5
522, 17, 5
523, 17, 5
526, 16, 5
522, 16, 5
522, 16, 5
523, 15, 5
641, 15, 5
519, 15, 5
519, 14, 5
519, 14, 5
519, 13, 5
518, 13, 5
518, 13, 5
516, 12, 5
642, 12, 5
515, 12, 5
515, 11, 5
514, 11, 5
511, 10, 5
511, 10, 5
508, 10, 5
515, 9, 5
591, 9, 5
508, 9, 5
513, 8, 5
507, 8, 5
505, 8, 5
509, 7, 5
504, 7, 5
600, 7, 5
504, 6, 5
501, 6, 5
500, 6, 5
498, 5, 5
497, 5, 5
497, 4, 5
591, 4, 5
492, 4, 5
493, 3, 5
494, 3, 5
490, 3, 5
489, 2, 5
489, 2, 5
582, 2, 5
482, 1, 5
483, 1, 5
500, 1, 5
482, 0, 5
482, 0, 5
503, 0, 6
669, 1, 6
498, 1, 6
519, 1, 6
497, 2, 6
512, 2, 6
535, 2, 6
511, 3, 6
631, 3, 6
539, 3, 6
515, 4, 6
516, 4, 6
520, 4, 6
511, 5, 6
512, 5, 6
609, 5, 6
511, 6, 6
511, 6, 6
512, 7, 6
489, 7, 6
489, 7, 6
492, 8, 6
577, 8, 6
481, 8, 6
484, 9, 6
490, 9, 6
489, 9, 6
491, 10, 6
489, 10, 6
497, 10, 6
497, 11, 6
500, 11, 6
501, 11, 6
501, 12, 6
501, 12, 6
513, 13, 6
504, 13, 6
515, 13, 6
509, 14, 6
532, 14, 6
508, 14, 6
516, 15, 6
516, 15, 6
536, 16, 6
516, 16, 6
515, 16, 6
517, 17, 6
516, 17, 6
516, 17, 6
515, 18, 6
515, 18, 6
519, 19, 6
518, 19, 6
519, 19, 6
544, 20, 6
519, 20, 6
518, 20, 6
524, 21, 6
545, 21, 6
522, 22, 6
527, 22, 6
527, 22, 6
544, 23, 6
526, 23, 6
526, 23, 6
528, 24, 6
527, 24, 6
525, 25, 6
526, 25, 6
526, 25, 6
529, 26, 6
529, 26, 6
529, 26, 6
553, 27, 6
529, 27, 6
529, 28, 6
530, 28, 6
552, 28, 6
529, 29, 6
533, 29, 6
534, 29, 6
552, 30, 6
533, 30, 6
533, 31, 6
534, 31, 6
533, 31, 6
533, 32, 6
533, 32, 6
533, 32, 6
533, 33, 6
533, 33, 6
533, 34, 6
546, 34, 6
533, 34, 6
533, 35, 6
533, 35, 6
556, 35, 6
532, 36, 6
533, 36, 6
533, 37, 6
552, 37, 6
533, 37, 6
532, 38, 6
534, 38, 6
534, 38, 6
533, 39, 6
533, 39, 6
533, 40, 6
533, 40, 6
532, 40, 6
533, 41, 6
557, 41, 6
533, 41, 6
533, 42, 6
534, 42, 6
555, 43, 6
533, 43, 6
533, 43, 6
534, 44, 6
553, 44, 6
533, 44, 6
533, 45, 6
536, 45, 6
533, 46, 6
532, 46, 6
653, 46, 6
546, 47, 6
536, 47, 6
536, 47, 6
533, 48, 6
557, 48, 6
532, 49, 6
534, 49, 6
611, 49, 6
554, 50, 6
533, 50, 6
533, 50, 6
535, 51, 6
534, 51, 6
529, 52, 6
529, 52, 6
531, 52, 6
530, 53, 6
529, 53, 6
530, 53, 6
535, 54, 6
528, 54, 6
526, 55, 6
527, 55, 6
540, 55, 6
525, 56, 6
526, 56, 6
527, 56, 6
548, 57, 6
523, 57, 6
522, 58, 6
523, 58, 6
523, 58, 6
522, 59, 6
522, 59, 6
523, 59, 6
522, 60, 6
522, 60, 6
523, 61, 6
527, 61, 6
519, 61, 6
519, 62, 6
519, 62, 6
543, 62, 6
519, 63, 6
624, 63, 6
516, 63, 6
538, 64, 6
516, 64, 6
515, 65, 6
517, 65, 6
516, 65, 6
515, 66, 6
598, 66, 6
512, 67, 6
512, 67, 6
511, 67, 6
512, 68, 6
513, 68, 6
508, 68, 6
508, 69, 6
615, 69, 6
517, 69, 6
504, 70, 6
501, 70, 6
502, 71, 6
525, 71, 6
498, 71, 6
497, 72, 6
605, 72, 6
494, 72, 6
493, 73, 6
493, 73, 6
494, 74, 6
492, 74, 6
493, 74, 6
490, 75, 6
601, 75, 6
489, 75, 6
490, 76, 6
486, 76, 6
495, 77, 6
486, 77, 6
482, 77, 6
483, 78, 6
506, 78, 6
475, 78, 6
475, 79, 6
476, 79, 6
488, 80, 6
472, 80, 6
472, 80, 6
472, 81, 6
569, 81, 6
471, 81, 6
465, 82, 6
467, 82, 6
464, 83, 6
458, 83, 6
457, 83, 6
463, 84, 6
538, 84, 6
405, 84, 6
405, 85, 6
405, 85, 6
185, 86, 6
185, 86, 6
185, 86, 6
101, 87, 6
104, 87, 6
88, 87, 6
86, 88, 6
84, 88, 6
84, 89, 6
64, 89, 6
64, 89, 6
92, 90, 6
63, 90, 6
64, 90, 6
72, 89, 6
72, 89, 6
64, 89, 6
64, 88, 6
96, 88, 6
63, 88, 6
68, 87, 6
68, 87, 6
79, 87, 6
64, 86, 6
63, 86, 6
115, 86, 6
72, 85, 6
72, 85, 6
75, 85, 6
72, 84, 6
64, 84, 6
65, 84, 6
65, 83, 6
80, 83, 6
81, 83, 6
80, 82, 6
80, 82, 6
117, 81, 6
116, 81, 6
116, 81, 6
374, 80, 6
377, 80, 6
370, 80, 6
439, 79, 6
438, 79, 6
442, 79, 6
450, 78, 6
449, 78, 6
450, 77, 6
465, 77, 6
464, 77, 6
464, 76, 6
468, 76, 6
488, 76, 6
468, 75, 6
468, 75, 6
473, 74, 6
488, 74, 6
471, 74, 6
479, 73, 6
481, 73, 6
477, 73, 6
479, 72, 6
478, 72, 6
483, 71, 6
483, 71, 6
482, 71, 6
482, 70, 6
490, 70, 6
489, 70, 6
489, 69, 6
493, 69, 6
515, 68, 6
493, 68, 6
498, 68, 6
499, 67, 6
517, 67, 6
498, 67, 6
501, 66, 6
502, 66, 6
513, 65, 6
501, 65, 6
610, 65, 6
504, 64, 6
501, 64, 6
501, 64, 6
501, 63, 6
514, 63, 6
504, 62, 6
504, 62, 6
512, 62, 6
535, 61, 6
511, 61, 6
516, 61, 6
516, 60, 6
537, 60, 6
516, 59, 6
515, 59, 6
628, 59, 6
515, 58, 6
515, 58, 6
515, 58, 6
518, 57, 6
515, 57, 6
515, 56, 6
515, 56, 6
529, 56, 6
518, 55, 6
518, 55, 6
524, 55, 6
546, 54, 6
522, 54, 6
523, 53, 6
523, 53, 6
543, 53, 6
523, 52, 6
522, 52, 6
524, 52, 6
523, 51, 6
522, 51, 6
522, 50, 6
523, 50, 6
621, 50, 6
526, 49, 6
526, 49, 6
540, 49, 6
526, 48, 6
526, 48, 6
530, 47, 6
552, 47, 6
631, 47, 6
530, 46, 6
531, 46, 6
549, 46, 6
530, 45, 6
529, 45, 6
531, 44, 6
530, 44, 6
530, 44, 6
529, 43, 6
533, 43, 6
532, 43, 6
533, 42, 6
534, 42, 6
588, 41, 6
533, 41, 6
612, 41, 6
534, 40, 6
556, 40, 6
532, 40, 6
533, 39, 6
535, 39, 6
554, 38, 6
533, 38, 6
591, 38, 6
534, 37, 6
533, 37, 6
533, 37, 6
533, 36, 6
535, 36, 6
533, 35, 6
532, 35, 6
533, 35, 6
545, 34, 6
532, 34, 6
533, 34, 6
534, 33, 6
561, 33, 6
533, 32, 6
533, 32, 6
533, 32, 6
555, 31, 6
533, 31, 6
533, 31, 6
534, 30, 6
544, 30, 6
532, 29, 6
532, 29, 6
533, 29, 6
533, 28, 6
532, 28, 6
533, 28, 6
541, 27, 6
628, 27, 6
533, 26, 6
533, 26, 6
556, 26, 6
533, 25, 6
533, 25, 6
533, 25, 6
533, 24, 6
627, 24, 6
532, 23, 6
534, 23, 6
530, 23, 6
529, 22, 6
529, 22, 6
534, 22, 6
529, 21, 6
632, 21, 6
530, 21, 6
538, 20, 6
529, 20, 6
527, 19, 6
527, 19, 6
548, 19, 6
526, 18, 6
633, 18, 6
527, 17, 6
526, 17, 6
526, 17, 6
526, 16, 6
526, 16, 6
522, 16, 6
522, 15, 6
636, 15, 6
529, 15, 6
522, 14, 6
522, 14, 6
520, 13, 6
543, 13, 6
518, 13, 6
519, 12, 6
621, 12, 6
541, 12, 6
519, 11, 6
518, 11, 6
519, 10, 6
515, 10, 6
515, 10, 6
515, 9, 6
515, 9, 6
511, 9, 6
512, 8, 6
514, 8, 6
509, 8, 6
508, 7, 6
511, 7, 6
580, 7, 6
504, 6, 6
506, 6, 6
504, 5, 6
501, 5, 6
502, 5, 6
501, 4, 6
575, 4, 6
494, 4, 6
493, 3, 6
493, 3, 6
486, 3, 6
500, 2, 6
485, 2, 6
568, 2, 6
500, 1, 6
482, 1, 6
482, 1, 6
510, 0, 6
489, 0, 6
489, 0, 7
655, 1, 7
504, 1, 7
504, 1, 7
515, 2, 7
515, 2, 7
515, 2, 7
522, 3, 7
620, 3, 7
518, 3, 7
523, 4, 7
519, 4, 7
519, 4, 7
523, 5, 7
518, 5, 7
598, 6, 7
510, 6, 7
508, 6, 7
490, 7, 7
492, 7, 7
489, 7, 7
489, 8, 7
608, 8, 7
485, 8, 7
485, 9, 7
499, 9, 7
497, 9, 7
497, 10, 7
501, 10, 7
525, 10, 7
501, 11, 7
505, 11, 7
505, 11, 7
528, 12, 7
504, 12, 7
508, 13, 7
509, 13, 7
529, 13, 7
511, 14, 7
511, 14, 7
513, 15, 7
515, 15, 7
515, 15, 7
515, 16, 7
524, 16, 7
518, 16, 7
518, 17, 7
519, 17, 7
527, 17, 7
518, 18, 7
523, 18, 7
523, 19, 7
546, 19, 7
523, 19, 7
522, 20, 7
523, 20, 7
523, 20, 7
525, 21, 7
525, 21, 7
527, 22, 7
540, 22, 7
525, 22, 7
526, 23, 7
529, 23, 7
526, 23, 7
525, 24, 7
530, 24, 7
534, 25, 7
529, 25, 7
530, 25, 7
529, 26, 7
536, 26, 7
530, 26, 7
529, 27, 7
529, 27, 7
533, 28, 7
532, 28, 7
638, 28, 7
533, 29, 7
553, 29, 7
533, 29, 7
533, 30, 7
535, 30, 7
541, 31, 7
533, 31, 7
640, 31, 7
535, 32, 7
533, 32, 7
533, 32, 7
532, 33, 7
538, 33, 7
533, 34, 7
533, 34, 7
637, 34, 7
537, 35, 7
536, 35, 7
536, 35, 7
536, 36, 7
558, 36, 7
536, 37, 7
536, 37, 7
538, 37, 7
555, 38, 7
536, 38, 7
537, 38, 7
539, 39, 7
537, 39, 7
536, 40, 7
537, 40, 7
648, 40, 7
537, 41, 7
536, 41, 7
536, 41, 7
536, 42, 7
536, 42, 7
536, 43, 7
537, 43, 7
560, 43, 7
536, 44, 7
537, 44, 7
538, 44, 7
557, 45, 7
537, 45, 7
540, 46, 7
541, 46, 7
540, 46, 7
536, 47, 7
536, 47, 7
539, 47, 7
537, 48, 7
537, 48, 7
536, 49, 7
545, 49, 7
536, 49, 7
536, 50, 7
533, 50, 7
557, 50, 7
532, 51, 7
535, 51, 7
533, 52, 7
556, 52, 7
533, 52, 7
532, 53, 7
534, 53, 7
533, 53, 7
532, 54, 7
532, 54, 7
533, 55, 7
529, 55, 7
529, 55, 7
529, 56, 7
529, 56, 7
526, 56, 7
526, 57, 7
576, 57, 7
531, 58, 7
526, 58, 7
526, 58, 7
526, 59, 7
536, 59, 7
526, 59, 7
526, 60, 7
634, 60, 7
523, 61, 7
522, 61, 7
522, 61, 7
523, 62, 7
541, 62, 7
522, 62, 7
523, 63, 7
629, 63, 7
519, 64, 7
519, 64, 7
519, 64, 7
523, 65, 7
518, 65, 7
515, 65, 7
515, 66, 7
520, 66, 7
516, 67, 7
515, 67, 7
515, 67, 7
512, 68, 7
511, 68, 7
511, 68, 7
509, 69, 7
641, 69, 7
508, 70, 7
505, 70, 7
505, 70, 7
521, 71, 7
505, 71, 7
501, 71, 7
503, 72, 7
631, 72, 7
501, 73, 7
501, 73, 7
504, 73, 7
498, 74, 7
497, 74, 7
497, 74, 7
502, 75, 7
590, 75, 7
493, 75, 7
490, 76, 7
513, 76, 7
489, 77, 7
486, 77, 7
486, 77, 7
508, 78, 7
479, 78, 7
478, 79, 7
480, 79, 7
479, 79, 7
475, 80, 7
475, 80, 7
476, 80, 7
474, 81, 7
563, 81, 7
475, 81, 7
475, 82, 7
470, 82, 7
471, 83, 7
469, 83, 7
474, 83, 7
467, 84, 7
444, 84, 7
443, 84, 7
451, 85, 7
349, 85, 7
348, 86, 7
349, 86, 7
244, 86, 7
244, 87, 7
260, 87, 7
108, 87, 7
113, 88, 7
108, 88, 7
108, 89, 7
75, 89, 7
64, 89, 7
72, 90, 7
64, 90, 7
52, 90, 7
63, 89, 7
64, 89, 7
64, 89, 7
63, 88, 7
63, 88, 7
67, 88, 7
63, 87, 7
64, 87, 7
64, 87, 7
64, 86, 7
63, 86, 7
71, 86, 7
68, 85, 7
68, 85, 7
71, 84, 7
68, 84, 7
68, 84, 7
70, 83, 7
84, 83, 7
84, 83, 7
85, 82, 7
72, 82, 7
197, 82, 7
197, 81, 7
211, 81, 7
398, 81, 7
397, 80, 7
398, 80, 7
450, 79, 7
450, 79, 7
450, 79, 7
461, 78, 7
459, 78, 7
460, 78, 7
560, 77, 7
472, 77, 7
467, 77, 7
467, 76, 7
472, 76, 7
479, 75, 7
471, 75, 7
479, 75, 7
479, 74, 7
489, 74, 7
483, 74, 7
482, 73, 7
483, 73, 7
483, 72, 7
482, 72, 7
482, 72, 7
486, 71, 7
502, 71, 7
485, 71, 7
489, 70, 7
491, 70, 7
489, 69, 7
489, 69, 7
493, 69, 7
495, 68, 7
492, 68, 7
501, 68, 7
501, 67, 7
505, 67, 7
501, 66, 7
501, 66, 7
501, 66, 7
514, 65, 7
504, 65, 7
504, 65, 7
505, 64, 7
527, 64, 7
505, 63, 7
509, 63, 7
509, 63, 7
614, 62, 7
512, 62, 7
511, 62, 7
513, 61, 7
512, 61, 7
515, 60, 7
515, 60, 7
518, 60, 7
519, 59, 7
518, 59, 7
519, 59, 7
527, 58, 7
518, 58, 7
520, 57, 7
520, 57, 7
542, 57, 7
564, 56, 7
523, 56, 7
524, 56, 7
544, 55, 7
523, 55, 7
522, 54, 7
523, 54, 7
526, 54, 7
526, 53, 7
526, 53, 7
527, 53, 7
526, 52, 7
526, 52, 7
534, 51, 7
529, 51, 7
522, 51, 7
522, 50, 7
526, 50, 7
538, 50, 7
526, 49, 7
529, 49, 7
530, 48, 7
553, 48, 7
534, 48, 7
532, 47, 7
533, 47, 7
533, 47, 7
532, 46, 7
533, 46, 7
641, 45, 7
533, 45, 7
532, 45, 7
533, 44, 7
540, 44, 7
537, 44, 7
536, 43, 7
536, 43, 7
653, 42, 7
536, 42, 7
536, 42, 7
537, 41, 7
545, 41, 7
540, 41, 7
539, 40, 7
540, 40, 7
654, 39, 7
540, 39, 7
540, 39, 7
537, 38, 7
556, 38, 7
536, 38, 7
537, 37, 7
538, 37, 7
667, 36, 7
536, 36, 7
536, 36, 7
539, 35, 7
536, 35, 7
536, 35, 7
536, 34, 7
540, 34, 7
647, 33, 7
536, 33, 7
536, 33, 7
561, 32, 7
536, 32, 7
536, 32, 7
537, 31, 7
558, 31, 7
649, 30, 7
533, 30, 7
534, 30, 7
551, 29, 7
533, 29, 7
533, 29, 7
535, 28, 7
533, 28, 7
533, 27, 7
533, 27, 7
533, 27, 7
533, 26, 7
532, 26, 7
533, 26, 7
546, 25, 7
532, 25, 7
647, 24, 7
534, 24, 7
556, 24, 7
533, 23, 7
533, 23, 7
534, 23, 7
554, 22, 7
530, 22, 7
529, 21, 7
531, 21, 7
530, 21, 7
529, 20, 7
529, 20, 7
530, 20, 7
529, 19, 7
529, 19, 7
635, 18, 7
533, 18, 7
525, 18, 7
525, 17, 7
526, 17, 7
550, 17, 7
526, 16, 7
526, 16, 7
627, 15, 7
549, 15, 7
523, 15, 7
522, 14, 7
523, 14, 7
523, 14, 7
522, 13, 7
522, 13, 7
519, 12, 7
519, 12, 7
518, 12, 7
519, 11, 7
523, 11, 7
519, 11, 7
519, 10, 7
515, 10, 7
521, 9, 7
515, 9, 7
512, 9, 7
515, 8, 7
511, 8, 7
508, 8, 7
511, 7, 7
593, 7, 7
508, 7, 7
510, 6, 7
508, 6, 7
508, 6, 7
505, 5, 7
504, 5, 7
591, 5, 7
505, 4, 7
497, 4, 7
497, 4, 7
498, 3, 7
509, 3, 7
492, 3, 7
581, 2, 7
486, 2, 7
485, 2, 7
485, 1, 7
509, 1, 7
482, 1, 7
482, 0, 7
587, 0, 7
498, 0, 8
498, 1, 8
506, 1, 8
497, 1, 8
512, 2, 8
517, 2, 8
620, 3, 8
516, 3, 8
520, 3, 8
515, 4, 8
515, 4, 8
518, 4, 8
515, 5, 8
606, 5, 8
507, 5, 8
504, 6, 8
504, 6, 8
486, 6, 8
485, 7, 8
485, 7, 8
486, 7, 8
503, 8, 8
489, 8, 8
489, 8, 8
498, 9, 8
497, 9, 8
497, 9, 8
497, 10, 8
501, 10, 8
501, 10, 8
502, 11, 8
523, 11, 8
505, 12, 8
504, 12, 8
510, 12, 8
524, 13, 8
508, 13, 8
512, 13, 8
514, 14, 8
511, 14, 8
516, 15, 8
515, 15, 8
519, 15, 8
519, 16, 8
519, 16, 8
519, 16, 8
519, 17, 8
522, 17, 8
522, 18, 8
522, 18, 8
546, 18, 8
589, 19, 8
522, 19, 8
523, 19, 8
545, 20, 8
522, 20, 8
529, 21, 8
527, 21, 8
545, 21, 8
527, 22, 8
526, 22, 8
528, 22, 8
530, 23, 8
529, 23, 8
529, 24, 8
530, 24, 8
529, 24, 8
529, 25, 8
530, 25, 8
538, 25, 8
529, 26, 8
529, 26, 8
533, 27, 8
557, 27, 8
533, 27, 8
533, 28, 8
533, 28, 8
556, 28, 8
533, 29, 8
533, 29, 8
534, 30, 8
551, 30, 8
532, 30, 8
532, 31, 8
534, 31, 8
533, 31, 8
532, 32, 8
533, 32, 8
537, 33, 8
533, 33, 8
537, 33, 8
536, 34, 8
542, 34, 8
537, 34, 8
533, 35, 8
533, 35, 8
542, 36, 8
537, 36, 8
536, 36, 8
537, 37, 8
562, 37, 8
540, 37, 8
539, 38, 8
538, 38, 8
556, 39, 8
536, 39, 8
540, 39, 8
541, 40, 8
553, 40, 8
537, 40, 8
536, 41, 8
539, 41, 8
537, 42, 8
536, 42, 8
536, 42, 8
537, 43, 8
536, 43, 8
536, 43, 8
536, 44, 8
546, 44, 8
649, 45, 8
536, 45, 8
537, 45, 8
560, 46, 8
536, 46, 8
537, 46, 8
537, 47, 8
559, 47, 8
533, 48, 8
532, 48, 8
534, 48, 8
533, 49, 8
533, 49, 8
533, 49, 8
533, 50, 8
533, 50, 8
532, 51, 8
533, 51, 8
537, 51, 8
533, 52, 8
532, 52, 8
533, 52, 8
538, 53, 8
533, 53, 8
612, 54, 8
533, 54, 8
541, 54, 8
530, 55, 8
529, 55, 8
529, 55, 8
530, 56, 8
529, 56, 8
529, 57, 8
526, 57, 8
546, 57, 8
526, 58, 8
526, 58, 8
528, 58, 8
542, 59, 8
526, 59, 8
526, 60, 8
528, 60, 8
526, 60, 8
522, 61, 8
522, 61, 8
534, 61, 8
522, 62, 8
522, 62, 8
522, 63, 8
531, 63, 8
522, 63, 8
522, 64, 8
519, 64, 8
543, 64, 8
518, 65, 8
516, 65, 8
516, 66, 8
538, 66, 8
512, 66, 8
511, 67, 8
513, 67, 8
512, 67, 8
508, 68, 8
508, 68, 8
508, 69, 8
518, 69, 8
508, 69, 8
508, 70, 8
507, 70, 8
634, 70, 8
504, 71, 8
505, 71, 8
509, 72, 8
504, 72, 8
502, 72, 8
501, 73, 8
506, 73, 8
498, 73, 8
497, 74, 8
498, 74, 8
498, 75, 8
497, 75, 8
497, 75, 8
493, 76, 8
515, 76, 8
579, 76, 8
493, 77, 8
487, 77, 8
508, 77, 8
485, 78, 8
482, 78, 8
483, 79, 8
500, 79, 8
478, 79, 8
478, 80, 8
480, 80, 8
478, 81, 8
478, 81, 8
478, 81, 8
476, 82, 8
474, 82, 8
572, 82, 8
468, 83, 8
475, 83, 8
468, 83, 8
457, 84, 8
457, 84, 8
466, 85, 8
457, 85, 8
488, 85, 8
405, 86, 8
427, 86, 8
209, 86, 8
209, 87, 8
209, 87, 8
103, 88, 8
96, 88, 8
96, 88, 8
84, 89, 8
88, 89, 8
84, 89, 8
68, 90, 8
68, 90, 8
68, 90, 8
68, 89, 8
68, 89, 8
71, 89, 8
68, 88, 8
76, 88, 8
76, 88, 8
76, 87, 8
77, 87, 8
68, 87, 8
71, 86, 8
73, 86, 8
64, 85, 8
63, 85, 8
79, 85, 8
64, 84, 8
60, 84, 8
79, 84, 8
59, 83, 8
76, 83, 8
80, 83, 8
76, 82, 8
165, 82, 8
166, 82, 8
168, 81, 8
165, 81, 8
401, 81, 8
403, 80, 8
398, 80, 8
446, 79, 8
446, 79, 8
448, 79, 8
457, 78, 8
457, 78, 8
457, 78, 8
468, 77, 8
468, 77, 8
467, 76, 8
475, 76, 8
488, 76, 8
475, 75, 8
479, 75, 8
479, 75, 8
502, 74, 8
479, 74, 8
482, 73, 8
483, 73, 8
482, 73, 8
485, 72, 8
485, 72, 8
487, 72, 8
612, 71, 8
489, 71, 8
489, 70, 8
492, 70, 8
488, 70, 8
489, 69, 8
498, 69, 8
500, 69, 8
497, 68, 8
501, 68, 8
501, 67, 8
506, 67, 8
501, 67, 8
501, 66, 8
501, 66, 8
501, 66, 8
613, 65, 8
504, 65, 8
505, 64, 8
528, 64, 8
504, 64, 8
504, 63, 8
509, 63, 8
529, 63, 8
616, 62, 8
512, 62, 8
513, 61, 8
527, 61, 8
512, 61, 8
511, 60, 8
514, 60, 8
516, 60, 8
624, 59, 8
515, 59, 8
519, 58, 8
519, 58, 8
518, 58, 8
519, 57, 8
532, 57, 8
522, 57, 8
522, 56, 8
523, 56, 8
546, 55, 8
522, 55, 8
526, 55, 8
527, 54, 8
549, 54, 8
526, 54, 8
628, 53, 8
527, 53, 8
545, 52, 8
525, 52, 8
526, 52, 8
530, 51, 8
529, 51, 8
529, 51, 8
530, 50, 8
532, 50, 8
529, 49, 8
530, 49, 8
529, 49, 8
534, 48, 8
530, 48, 8
533, 48, 8
625, 47, 8
539, 47, 8
532, 47, 8
533, 46, 8
533, 46, 8
557, 45, 8
532, 45, 8
532, 45, 8
617, 44, 8
554, 44, 8
533, 43, 8
534, 43, 8
534, 43, 8
554, 42, 8
533, 42, 8
532, 42, 8
534, 41, 8
537, 41, 8
536, 41, 8
536, 40, 8
537, 40, 8
538, 39, 8
536, 39, 8
536, 39, 8
585, 38, 8
536, 38, 8
536, 38, 8
537, 37, 8
560, 37, 8
536, 36, 8
536, 36, 8
537, 36, 8
576, 35, 8
537, 35, 8
536, 35, 8
537, 34, 8
537, 34, 8
536, 33, 8
536, 33, 8
537, 33, 8
537, 32, 8
536, 32, 8
537, 32, 8
541, 31, 8
537, 31, 8
572, 30, 8
537, 30, 8
544, 30, 8
536, 29, 8
536, 29, 8
537, 29, 8
547, 28, 8
537, 28, 8
536, 27, 8
537, 27, 8
537, 27, 8
536, 26, 8
536, 26, 8
537, 26, 8
557, 25, 8
536, 25, 8
640, 24, 8
534, 24, 8
549, 24, 8
533, 23, 8
533, 23, 8
535, 23, 8
533, 22, 8
532, 22, 8
644, 21, 8
536, 21, 8
533, 21, 8
532, 20, 8
533, 20, 8
538, 20, 8
529, 19, 8
529, 19, 8
530, 18, 8
553, 18, 8
529, 18, 8
530, 17, 8
530, 17, 8
553, 17, 8
526, 16, 8
526, 16, 8
636, 15, 8
526, 15, 8
526, 15, 8
525, 14, 8
526, 14, 8
523, 14, 8
522, 13, 8
522, 13, 8
525, 12, 8
522, 12, 8
522, 12, 8
519, 11, 8
524, 11, 8
519, 11, 8
516, 10, 8
515, 10, 8
524, 9, 8
515, 9, 8
515, 9, 8
519, 8, 8
515, 8, 8
512, 8, 8
516, 7, 8
621, 7, 8
508, 7, 8
511, 6, 8
508, 6, 8
508, 6, 8
506, 5, 8
504, 5, 8
607, 5, 8
502, 4, 8
500, 4, 8
501, 4, 8
498, 3, 8
510, 3, 8
497, 3, 8
598, 2, 8
508, 2, 8
489, 2, 8
489, 1, 8
486, 1, 8
486, 1, 8
485, 0, 8
585, 0, 8
497, 1, 9
497, 1, 9
502, 1, 9
512, 2, 9
511, 2, 9
515, 2, 9
512, 3, 9
515, 3, 9
517, 3, 9
515, 4, 9
512, 4, 9
513, 4, 9
511, 5, 9
611, 5, 9
513, 5, 9
512, 6, 9
511, 6, 9
498, 6, 9
515, 7, 9
497, 7, 9
490, 7, 9
510, 8, 9
489, 8, 9
489, 8, 9
521, 9, 9
497, 9, 9
497, 9, 9
505, 10, 9
504, 10, 9
504, 11, 9
508, 11, 9
575, 11, 9
508, 12, 9
509, 12, 9
509, 12, 9
531, 13, 9
508, 13, 9
515, 14, 9
516, 14, 9
515, 14, 9
518, 15, 9
518, 15, 9
519, 15, 9
522, 16, 9
522, 16, 9
522, 17, 9
525, 17, 9
522, 17, 9
522, 18, 9
526, 18, 9
530, 18, 9
526, 19, 9
527, 19, 9
526, 20, 9
533, 20, 9
526, 20, 9
525, 21, 9
526, 21, 9
526, 21, 9
529, 22, 9
529, 22, 9
529, 23, 9
555, 23, 9
532, 23, 9
532, 24, 9
534, 24, 9
554, 24, 9
634, 25, 9
533, 25, 9
534, 25, 9
550, 26, 9
533, 26, 9
532, 27, 9
535, 27, 9
537, 27, 9
536, 28, 9
536, 28, 9
537, 29, 9
536, 29, 9
536, 29, 9
537, 30, 9
545, 30, 9
536, 30, 9
536, 31, 9
540, 31, 9
549, 31, 9
540, 32, 9
540, 32, 9
541, 33, 9
564, 33, 9
540, 33, 9
540, 34, 9
540, 34, 9
562, 34, 9
540, 35, 9
539, 35, 9
541, 36, 9
559, 36, 9
539, 36, 9
540, 37, 9
542, 37, 9
557, 37, 9
540, 38, 9
540, 38, 9
542, 39, 9
541, 39, 9
540, 39, 9
540, 40, 9
543, 40, 9
540, 40, 9
540, 41, 9
540, 41, 9
549, 42, 9
540, 42, 9
539, 42, 9
541, 43, 9
549, 43, 9
540, 43, 9
537, 44, 9
537, 44, 9
560, 45, 9
537, 45, 9
536, 45, 9
537, 46, 9
537, 46, 9
536, 46, 9
536, 47, 9
537, 47, 9
665, 48, 9
532, 48, 9
532, 48, 9
538, 49, 9
576, 49, 9
536, 49, 9
536, 50, 9
539, 50, 9
537, 51, 9
533, 51, 9
533, 51, 9
536, 52, 9
533, 52, 9
533, 52, 9
533, 53, 9
533, 53, 9
533, 54, 9
532, 54, 9
533, 54, 9
556, 55, 9
533, 55, 9
533, 55, 9
533, 56, 9
555, 56, 9
532, 57, 9
533, 57, 9
534, 57, 9
554, 58, 9
529, 58, 9
529, 58, 9
530, 59, 9
545, 59, 9
529, 60, 9
529, 60, 9
526, 60, 9
526, 61, 9
526, 61, 9
527, 61, 9
529, 62, 9
526, 62, 9
619, 63, 9
522, 63, 9
526, 63, 9
523, 64, 9
519, 64, 9
519, 64, 9
519, 65, 9
518, 65, 9
518, 66, 9
519, 66, 9
540, 66, 9
515, 67, 9
515, 67, 9
513, 67, 9
535, 68, 9
511, 68, 9
509, 69, 9
508, 69, 9
531, 69, 9
509, 70, 9
508, 70, 9
509, 70, 9
509, 71, 9
508, 71, 9
508, 72, 9
509, 72, 9
504, 72, 9
504, 73, 9
504, 73, 9
503, 73, 9
501, 74, 9
501, 74, 9
498, 75, 9
502, 75, 9
497, 75, 9
497, 76, 9
498, 76, 9
502, 76, 9
490, 77, 9
489, 77, 9
489, 78, 9
487, 78, 9
486, 78, 9
485, 79, 9
482, 79, 9
506, 79, 9
482, 80, 9
479, 80, 9
479, 81, 9
500, 81, 9
479, 81, 9
475, 82, 9
476, 82, 9
495, 82, 9
471, 83, 9
471, 83, 9
472, 84, 9
477, 84, 9
468, 84, 9
467, 85, 9
456, 85, 9
451, 85, 9
453, 86, 9
387, 86, 9
389, 87, 9
384, 87, 9
213, 87, 9
213, 88, 9
216, 88, 9
144, 88, 9
108, 89, 9
108, 89, 9
72, 90, 9
72, 90, 9
103, 90, 9
73, 89, 9
64, 89, 9
64, 89, 9
63, 88, 9
56, 88, 9
59, 88, 9
60, 87, 9
71, 87, 9
68, 87, 9
68, 86, 9
85, 86, 9
68, 86, 9
67, 85, 9
73, 85, 9
68, 85, 9
68, 84, 9
71, 84, 9
68, 84, 9
105, 83, 9
105, 83, 9
108, 82, 9
311, 82, 9
310, 82, 9
312, 81, 9
440, 81, 9
438, 81, 9
438, 80, 9
454, 80, 9
452, 79, 9
453, 79, 9
453, 79, 9
472, 78, 9
467, 78, 9
467, 78, 9
475, 77, 9
479, 77, 9
474, 76, 9
479, 76, 9
478, 76, 9
487, 75, 9
482, 75, 9
482, 75, 9
483, 74, 9
486, 74, 9
485, 73, 9
485, 73, 9
490, 73, 9
620, 72, 9
489, 72, 9
493, 72, 9
494, 71, 9
512, 71, 9
493, 70, 9
498, 70, 9
499, 70, 9
513, 69, 9
501, 69, 9
501, 69, 9
503, 68, 9
501, 68, 9
501, 68, 9
501, 67, 9
509, 67, 9
614, 66, 9
504, 66, 9
509, 66, 9
515, 65, 9
508, 65, 9
512, 64, 9
512, 64, 9
520, 64, 9
620, 63, 9
512, 63, 9
512, 63, 9
512, 62, 9
511, 62, 9
512, 62, 9
512, 61, 9
538, 61, 9
515, 60, 9
515, 60, 9
520, 60, 9
540, 59, 9
518, 59, 9
519, 59, 9
520, 58, 9
537, 58, 9
632, 57, 9
522, 57, 9
524, 57, 9
523, 56, 9
522, 56, 9
523, 56, 9
526, 55, 9
526, 55, 9
525, 54, 9
526, 54, 9
535, 54, 9
529, 53, 9
529, 53, 9
530, 53, 9
538, 52, 9
529, 52, 9
640, 51, 9
533, 51, 9
545, 51, 9
533, 50, 9
532, 50, 9
534, 50, 9
534, 49, 9
532, 49, 9
640, 48, 9
534, 48, 9
551, 48, 9
532, 47, 9
533, 47, 9
535, 47, 9
545, 46, 9
533, 46, 9
533, 45, 9
535, 45, 9
533, 45, 9
536, 44, 9
536, 44, 9
540, 44, 9
536, 43, 9
536, 43, 9
633, 42, 9
545, 42, 9
536, 42, 9
536, 41, 9
533, 41, 9
557, 41, 9
532, 40, 9
537, 40, 9
537, 39, 9
560, 39, 9
537, 39, 9
536, 38, 9
537, 38, 9
538, 38, 9
540, 37, 9
540, 37, 9
607, 36, 9
554, 36, 9
540, 36, 9
540, 35, 9
542, 35, 9
542, 35, 9
540, 34, 9
540, 34, 9
542, 33, 9
540, 33, 9
540, 33, 9
540, 32, 9
544, 32, 9
544, 32, 9
540, 31, 9
540, 31, 9
540, 30, 9
540, 30, 9
539, 30, 9
540, 29, 9
554, 29, 9
548, 29, 9
540, 28, 9
537, 28, 9
560, 27, 9
536, 27, 9
540, 27, 9
540, 26, 9
562, 26, 9
563, 26, 9
536, 25, 9
537, 25, 9
553, 24, 9
536, 24, 9
536, 24, 9
537, 23, 9
537, 23, 9
649, 23, 9
537, 22, 9
541, 22, 9
537, 21, 9
533, 21, 9
533, 21, 9
538, 20, 9
533, 20, 9
533, 20, 9
533, 19, 9
540, 19, 9
532, 18, 9
532, 18, 9
533, 18, 9
552, 17, 9
529, 17, 9
638, 17, 9
531, 16, 9
550, 16, 9
529, 15, 9
530, 15, 9
531, 15, 9
548, 14, 9
527, 14, 9
525, 14, 9
527, 13, 9
526, 13, 9
526, 12, 9
526, 12, 9
526, 12, 9
522, 11, 9
522, 11, 9
628, 11, 9
527, 10, 9
518, 10, 9
518, 9, 9
516, 9, 9
531, 9, 9
515, 8, 9
516, 8, 9
536, 8, 9
515, 7, 9
515, 7, 9
535, 7, 9
511, 6, 9
511, 6, 9
509, 6, 9
508, 5, 9
508, 5, 9
508, 5, 9
504, 4, 9
607, 4, 9
506, 4, 9
502, 3, 9
500, 3, 9
502, 3, 9
493, 2, 9
493, 2, 9
592, 2, 9
507, 1, 9
486, 1, 9
486, 1, 9
505, 0, 9
493, 0, 9
493, 0, 9
598, 1, 10
493, 1, 10
508, 2, 10
509, 2, 10
529, 2, 10
515, 3, 10
515, 3, 10
516, 3, 10
639, 4, 10
515, 4, 10
515, 5, 10
514, 5, 10
512, 5, 10
511, 6, 10
493, 6, 10
497, 6, 10
492, 7, 10
490, 7, 10
489, 8, 10
493, 8, 10
498, 8, 10
497, 9, 10
497, 9, 10
498, 9, 10
505, 10, 10
504, 10, 10
505, 11, 10
608, 11, 10
532, 11, 10
512, 12, 10
513, 12, 10
511, 13, 10
516, 13, 10
539, 13, 10
515, 14, 10
523, 14, 10
522, 15, 10
523, 15, 10
523, 15, 10
522, 16, 10
522, 16, 10
523, 17, 10
523, 17, 10
526, 18, 10
526, 18, 10
526, 18, 10
526, 19, 10
529, 19, 10
533, 20, 10
547, 20, 10
529, 20, 10
529, 21, 10
550, 21, 10
535, 22, 10
552, 22, 10
533, 22, 10
533, 23, 10
533, 23, 10
534, 24, 10
554, 24, 10
533, 24, 10
641, 25, 10
533, 25, 10
534, 26, 10
640, 26, 10
536, 26, 10
536, 27, 10
538, 27, 10
537, 28, 10
561, 28, 10
536, 28, 10
536, 29, 10
536, 29, 10
541, 30, 10
549, 30, 10
540, 30, 10
540, 31, 10
540, 31, 10
540, 32, 10
549, 32, 10
541, 33, 10
540, 33, 10
540, 33, 10
540, 34, 10
540, 34, 10
541, 35, 10
540, 35, 10
540, 35, 10
540, 36, 10
562, 36, 10
541, 37, 10
539, 37, 10
540, 37, 10
540, 38, 10
542, 38, 10
560, 39, 10
541, 39, 10
540, 39, 10
654, 40, 10
543, 40, 10
560, 41, 10
624, 41, 10
540, 41, 10
540, 42, 10
541, 42, 10
562, 43, 10
540, 43, 10
540, 43, 10
540, 44, 10
541, 44, 10
540, 45, 10
536, 45, 10
536, 46, 10
537, 46, 10
538, 46, 10
550, 47, 10
540, 47, 10
539, 48, 10
540, 48, 10
537, 48, 10
543, 49, 10
537, 49, 10
537, 50, 10
536, 50, 10
537, 50, 10
542, 51, 10
575, 51, 10
536, 52, 10
537, 52, 10
627, 52, 10
539, 53, 10
551, 53, 10
536, 54, 10
536, 54, 10
533, 54, 10
535, 55, 10
533, 55, 10
533, 56, 10
624, 56, 10
533, 56, 10
534, 57, 10
556, 57, 10
533, 58, 10
532, 58, 10
533, 58, 10
529, 59, 10
552, 59, 10
529, 60, 10
530, 60, 10
529, 60, 10
530, 61, 10
526, 61, 10
526, 62, 10
525, 62, 10
527, 63, 10
526, 63, 10
534, 63, 10
523, 64, 10
522, 64, 10
522, 65, 10
519, 65, 10
526, 65, 10
518, 66, 10
519, 66, 10
518, 67, 10
518, 67, 10
520, 67, 10
529, 68, 10
515, 68, 10
624, 69, 10
515, 69, 10
512, 69, 10
525, 70, 10
511, 70, 10
512, 71, 10
581, 71, 10
513, 71, 10
509, 72, 10
509, 72, 10
508, 73, 10
505, 73, 10
506, 74, 10
527, 74, 10
501, 74, 10
501, 75, 10
501, 75, 10
499, 76, 10
521, 76, 10
497, 76, 10
493, 77, 10
493, 77, 10
493, 78, 10
514, 78, 10
489, 78, 10
489, 79, 10
485, 79, 10
486, 80, 10
486, 80, 10
481, 80, 10
482, 81, 10
504, 81, 10
482, 82, 10
485, 82, 10
479, 82, 10
478, 83, 10
478, 83, 10
576, 84, 10
477, 84, 10
493, 84, 10
465, 85, 10
464, 85, 10
464, 86, 10
482, 86, 10
438, 86, 10
419, 87, 10
307, 87, 10
306, 88, 10
307, 88, 10
201, 88, 10
184, 89, 10
185, 89, 10
92, 90, 10
93, 90, 10
92, 90, 10
68, 89, 10
68, 89, 10
69, 88, 10
64, 88, 10
72, 88, 10
72, 87, 10
66, 87, 10
56, 87, 10
91, 86, 10
77, 86, 10
79, 85, 10
66, 85, 10
68, 85, 10
68, 84, 10
71, 84, 10
100, 84, 10
135, 83, 10
100, 83, 10
292, 82, 10
316, 82, 10
288, 82, 10
440, 81, 10
439, 81, 10
439, 80, 10
465, 80, 10
464, 79, 10
464, 79, 10
471, 79, 10
472, 78, 10
475, 78, 10
474, 77, 10
475, 77, 10
475, 77, 10
482, 76, 10
485, 76, 10
500, 75, 10
486, 75, 10
485, 75, 10
486, 74, 10
492, 74, 10
509, 73, 10
515, 73, 10
493, 73, 10
493, 72, 10
591, 72, 10
515, 71, 10
493, 71, 10
603, 71, 10
497, 70, 10
498, 70, 10
601, 69, 10
501, 69, 10
501, 69, 10
505, 68, 10
505, 68, 10
512, 67, 10
509, 67, 10
508, 66, 10
508, 66, 10
513, 66, 10
518, 65, 10
511, 65, 10
512, 64, 10
512, 64, 10
512, 64, 10
520, 63, 10
515, 63, 10
515, 62, 10
515, 62, 10
515, 62, 10
516, 61, 10
528, 61, 10
519, 60, 10
523, 60, 10
523, 60, 10
524, 59, 10
523, 59, 10
522, 58, 10
597, 58, 10
527, 58, 10
528, 57, 10
656, 57, 10
527, 56, 10
526, 56, 10
526, 56, 10
531, 55, 10
552, 55, 10
529, 54, 10
533, 54, 10
532, 54, 10
536, 53, 10
556, 53, 10
533, 52, 10
533, 52, 10
533, 51, 10
534, 51, 10
533, 51, 10
533, 50, 10
532, 50, 10
533, 49, 10
533, 49, 10
541, 49, 10
537, 48, 10
536, 48, 10
536, 47, 10
537, 47, 10
541, 47, 10
537, 46, 10
537, 46, 10
536, 45, 10
537, 45, 10
546, 45, 10
599, 44, 10
540, 44, 10
540, 43, 10
642, 43, 10
542, 43, 10
557, 42, 10
648, 42, 10
539, 41, 10
540, 41, 10
541, 41, 10
540, 40, 10
540, 40, 10
540, 39, 10
540, 39, 10
541, 39, 10
564, 38, 10
540, 38, 10
540, 37, 10
540, 37, 10
540, 36, 10
564, 36, 10
540, 36, 10
544, 35, 10
543, 35, 10
544, 34, 10
544, 34, 10
543, 34, 10
543, 33, 10
544, 33, 10
544, 32, 10
549, 32, 10
541, 32, 10
540, 31, 10
540, 31, 10
540, 30, 10
544, 30, 10
547, 30, 10
623, 29, 10
540, 29, 10
540, 28, 10
650, 28, 10
553, 28, 10
540, 27, 10
646, 27, 10
540, 26, 10
540, 26, 10
556, 26, 10
539, 25, 10
540, 25, 10
542, 24, 10
541, 24, 10
537, 24, 10
536, 23, 10
536, 23, 10
537, 22, 10
538, 22, 10
560, 21, 10
536, 21, 10
536, 21, 10
536, 20, 10
538, 20, 10
560, 19, 10
536, 19, 10
536, 19, 10
536, 18, 10
537, 18, 10
557, 17, 10
533, 17, 10
533, 17, 10
533, 16, 10
534, 16, 10
533, 15, 10
530, 15, 10
529, 15, 10
530, 14, 10
530, 14, 10
533, 13, 10
646, 13, 10
529, 13, 10
529, 12, 10
639, 12, 10
530, 11, 10
540, 11, 10
536, 11, 10
526, 10, 10
526, 10, 10
526, 9, 10
522, 9, 10
522, 9, 10
598, 8, 10
523, 8, 10
519, 7, 10
516, 7, 10
515, 7, 10
522, 6, 10
512, 6, 10
511, 6, 10
512, 5, 10
512, 5, 10
508, 4, 10
508, 4, 10
508, 4, 10
526, 3, 10
501, 3, 10
501, 3, 10
551, 2, 10
519, 2, 10
497, 1, 10
489, 1, 10
490, 1, 10
514, 0, 10
490, 0, 10
489, 0, 10
506, 1, 10
501, 1, 11
501, 2, 11
501, 2, 11
512, 2, 11
522, 3, 11
511, 3, 11
516, 3, 11
519, 4, 11